CRIM	ZN	INDUS	CHAS	NOX	RM	AGE	DIS	TAX	PTRATIO	B	LSTAT	MEDV
8.3518	0	18.1	0	0.693	5.453	100	1.4896	666	20.2	396.9	30.59	4.12662504596169
7.9208	0	18.1	0	0.693	5.683	100	1.4254	666	20.2	384.97	22.98	7.57280946418888
5.0461	0	18.1	0	0.693	5.987	100	1.5888	666	20.2	396.9	26.77	7.94540248484043
9.91655	0	18.1	0	0.693	5.852	77.8	1.5004	666	20.2	338.16	29.97	8.26804082753773
5.7461	0	18.1	0	0.693	4.519	100	1.6582	666	20.2	88.27	36.98	8.74647088579094
0.18337	0	27.74	0	0.609	5.414	98.3	1.7554	711	20.1	344.05	23.97	9.08237055802348
6.8118	0	18.1	0	0.7	5.277	98.1	1.4261	666	20.2	396.9	30.81	9.21763671526685
8.0846	0	18.1	0	0.679	6.434	100	1.8347	666	20.2	27.25	29.05	9.38958631801368
4.2362	0	18.1	0	0.693	6.343	100	1.5741	666	20.2	396.9	20.32	9.6186849743483
2.5971	0	18.1	0	0.7	5	89.5	1.5184	666	20.2	396.9	31.99	9.700680196445
0.8342	0	18.1	0	0.679	6.782	90.8	1.8195	666	20.2	21.57	25.79	9.99414934386555
0.20746	0	27.74	0	0.609	5.093	98	1.8226	711	20.1	318.43	29.68	10.2422873591005
4.8017	0	18.1	0	0.693	5.349	96	1.7028	666	20.2	396.9	19.77	10.3134292682376
5.8603	0	18.1	0	0.679	5.896	95.4	1.9096	666	20.2	7.68	24.39	10.3959393492681
3.6781	0	18.1	0	0.74	5.935	87.9	1.8206	666	20.2	68.95	34.02	10.6872342703941
1.8123	0	18.1	0	0.718	6.824	76.5	1.794	666	20.2	48.45	22.74	10.9337625871514
7.67202	0	18.1	0	0.693	5.747	98.9	1.6334	666	20.2	393.1	19.92	10.957056179667
1.5292	0	18.1	0	0.693	5.531	85.4	1.6074	666	20.2	329.46	27.38	11.0715560824971
5.1772	0	18.1	0	0.74	6.152	100	1.9142	666	20.2	9.32	26.45	11.1691029411267
3.5341	0	18.1	0	0.679	5.957	100	1.8026	666	20.2	16.45	20.62	11.2041975207095
0.0849	0	18.1	0	0.7	4.368	91.2	1.4395	666	20.2	285.83	30.63	11.2606995602199
9.33889	0	18.1	0	0.679	6.38	95.6	1.9682	666	20.2	60.72	24.08	11.2687474462293
4.4208	0	18.1	0	0.74	6.461	93.3	2.0026	666	20.2	27.49	18.05	11.6271775079484
1.5779	0	18.1	0	0.7	5.036	97	1.77	666	20.2	396.9	25.68	11.7833570642401
7.8667	0	18.1	0	0.671	6.223	100	1.3861	666	20.2	393.74	21.78	11.7847236137451
2.2472	0	18.1	0	0.584	5.837	59.7	1.9976	666	20.2	24.65	15.69	11.8365930930945
4.3337	0	18.1	0	0.7	4.88	100	1.5895	666	20.2	372.92	30.62	11.9548137512616
5.9406	0	18.1	0	0.679	5.304	89.1	1.6475	666	20.2	127.36	26.64	12.0375981580441
8.9762	0	18.1	0	0.671	6.968	91.9	1.4165	666	20.2	396.9	17.21	12.0560488384577
2.0511	0	18.1	0	0.74	5.818	92.4	1.8662	666	20.2	391.45	22.11	12.1929808243198
4.3938	0	18.1	0	0.7	4.652	100	1.4672	666	20.2	396.9	28.28	12.2319079102622
2.8023	0	18.1	0	0.74	5.854	96.6	1.8956	666	20.2	240.52	23.79	12.3102282570546
7.6619	0	18.1	0	0.679	6.202	78.7	1.8629	666	20.2	18.82	14.52	12.3497685870653
5.8744	0	18.1	0	0.671	6.545	99.1	1.5192	666	20.2	396.9	21.08	12.3522615806623
7.36711	0	18.1	0	0.679	6.193	78.1	1.9356	666	20.2	96.73	21.52	12.3568420856001
9.18702	0	18.1	0	0.7	5.536	100	1.5804	666	20.2	396.9	23.6	12.3745178656174
8.15174	0	18.1	0	0.7	5.39	98.9	1.7281	666	20.2	396.9	20.85	12.4173896925497
8.79212	0	18.1	0	0.584	5.565	70.6	2.0635	666	20.2	3.65	17.16	12.5961457012469
3.9134	0	18.1	0	0.713	6.208	95	2.2222	666	20.2	100.63	15.17	12.7404049195151
0.6718	0	18.1	0	0.74	6.459	94.8	1.9879	666	20.2	43.06	23.98	12.9525358792524
2.77974	0	19.58	0	0.871	4.903	97.8	1.3459	403	14.7	396.9	29.29	13.0014036968888
0.04741	0	11.93	0	0.573	6.03	80.8	2.505	273	21	396.9	7.88	13.0164501806958
0.7162	0	18.1	0	0.659	4.138	100	1.1781	666	20.2	370.22	23.34	13.0412853717641
5.0234	0	18.1	0	0.614	5.304	97.3	2.1007	666	20.2	349.48	24.91	13.052609234675
9.59571	0	18.1	0	0.693	6.404	100	1.639	666	20.2	376.11	20.31	13.0744872992266
7.99248	0	18.1	0	0.7	5.52	100	1.5331	666	20.2	396.9	24.56	13.105181989157
5.87205	0	18.1	0	0.693	6.405	96	1.6768	666	20.2	396.9	19.37	13.1357269281436
9.92485	0	18.1	0	0.74	6.251	96.6	2.198	666	20.2	388.52	16.44	13.1465203778388
1.13081	0	8.14	0	0.538	5.713	94.1	4.233	307	21	360.17	22.6	13.3213216017877
3.3598	0	18.1	0	0.693	5.887	94.7	1.7821	666	20.2	396.9	16.35	13.3426095612323
4.66883	0	18.1	0	0.713	5.976	87.9	2.5806	666	20.2	10.48	19.01	13.345835011698
9.39063	0	18.1	0	0.74	5.627	93.9	1.8172	666	20.2	396.9	22.88	13.3533240421323
7.52601	0	18.1	0	0.713	6.417	98.3	2.185	666	20.2	304.21	19.31	13.446450659497
1.15172	0	8.14	0	0.538	5.701	95	3.7872	307	21	358.77	18.35	13.4736277205335
2.44668	0	19.58	0	0.871	5.272	94	1.7364	403	14.7	88.63	16.14	13.4904099416449
3.6482	0	18.1	0	0.671	6.38	96.2	1.3861	666	20.2	396.9	23.69	13.5031632752317
8.71675	0	18.1	0	0.693	6.471	98.8	1.7257	666	20.2	391.98	17.12	13.5238272975259
1.38799	0	8.14	0	0.538	5.95	82	3.99	307	21	232.6	27.71	13.5640897298046
6.39312	0	18.1	0	0.584	6.162	97.4	2.206	666	20.2	302.76	24.1	13.5916529421545
0.2498	0	21.89	0	0.624	5.857	98.2	1.6686	437	21.2	392.04	21.32	13.6328836767266
9.82349	0	18.1	0	0.671	6.794	98.8	1.358	666	20.2	396.9	21.24	13.6676360551229
6.71772	0	18.1	0	0.713	6.749	92.6	2.3236	666	20.2	0.32	17.44	13.6861246028243
3.32105	0	19.58	1	0.871	5.403	100	1.3216	403	14.7	396.9	26.82	13.9086274699001
7.05042	0	18.1	0	0.614	6.103	85.1	2.0218	666	20.2	2.52	23.29	13.9395094028241
1.1604	0	18.1	0	0.74	6.629	94.6	2.1247	666	20.2	109.85	23.27	13.9847226558189
1.61282	0	8.14	0	0.538	6.096	96.9	3.7598	307	21	248.31	20.34	14.0078744107634
8.20058	0	18.1	0	0.713	5.936	80.3	2.7792	666	20.2	3.5	16.94	14.0123842128091
1.25179	0	8.14	0	0.538	5.57	98.1	3.7979	307	21	376.57	21.02	14.0324418818875
0.10574	0	27.74	0	0.609	5.983	98.8	1.8681	711	20.1	390.11	18.07	14.1017006463206
8.64476	0	18.1	0	0.693	6.193	92.6	1.7912	666	20.2	396.9	15.17	14.1507322761106
8.05579	0	18.1	0	0.584	5.427	95.4	2.4298	666	20.2	352.58	18.14	14.1655885535951
8.4982	0	18.1	0	0.668	4.138	100	1.137	666	20.2	396.9	37.97	14.1782734889425
2.37934	0	19.58	0	0.871	6.13	100	1.4191	403	14.7	172.91	27.8	14.2400057935782
1.1081	0	18.1	0	0.668	4.906	100	1.1742	666	20.2	396.9	34.77	14.2789712220082
5.288	0	18.1	0	0.671	6.649	93.3	1.3449	666	20.2	363.02	23.24	14.304372297454
0.84054	0	8.14	0	0.538	5.599	85.7	4.4546	307	21	303.42	16.51	14.4336407520707
0.2909	0	21.89	0	0.624	6.174	93.6	1.6119	437	21.2	388.08	24.16	14.4836106624434
0.0623	0	18.1	0	0.584	6.833	94.3	2.0882	666	20.2	81.33	19.69	14.4845296192172
9.32909	0	18.1	0	0.713	6.185	98.7	2.2616	666	20.2	396.9	18.13	14.5030891123631
4.75237	0	18.1	0	0.713	6.525	86.5	2.4358	666	20.2	50.92	18.13	14.5148361498744
7.02259	0	18.1	0	0.718	6.006	95.3	1.8746	666	20.2	319.98	15.7	14.5238299247755
5.58107	0	18.1	0	0.713	6.436	87.9	2.3158	666	20.2	100.19	16.22	14.6498350516482
0.88125	0	21.89	0	0.624	5.637	94.7	1.9799	437	21.2	396.9	18.34	14.6959377590219
0.25387	0	6.91	0	0.448	5.399	95.3	5.87	233	17.9	396.9	30.81	14.7118898528272
1.62864	0	21.89	0	0.624	5.019	100	1.4394	437	21.2	396.9	34.41	14.7603005093046
8.49213	0	18.1	0	0.584	6.348	86.1	2.0527	666	20.2	83.45	17.64	14.7960082623431
0.98843	0	8.14	0	0.538	5.813	100	4.0952	307	21	394.54	19.88	14.803575399944
1.35472	0	8.14	0	0.538	6.072	100	4.175	307	21	376.73	13.04	14.834791335109
2.36862	0	19.58	0	0.871	4.926	95.7	1.4608	403	14.7	391.71	29.53	14.9411929248052
0.233	0	18.1	0	0.614	6.185	96.7	2.1705	666	20.2	379.7	18.03	14.9471657583764
0.95577	0	8.14	0	0.538	6.047	88.8	4.4534	307	21	306.38	17.28	15.0064540222829
9.51363	0	18.1	0	0.713	6.728	94.1	2.4961	666	20.2	6.68	18.71	15.0792181889945
6.28807	0	18.1	0	0.74	6.341	96.4	2.072	666	20.2	318.01	17.79	15.1300282435752
7.75223	0	18.1	0	0.713	6.301	83.7	2.7831	666	20.2	272.21	16.23	15.1740757100016
9.6091	0	18.1	0	0.671	7.313	97.9	1.3163	666	20.2	396.9	13.44	15.2052180334869
1.1358	0	18.1	0	0.597	5.757	100	1.413	666	20.2	2.6	10.11	15.3379389915163
0.22489	12.5	7.87	0	0.524	6.377	94.3	6.3467	311	15.2	392.52	20.45	15.3405116671586
6.96215	0	18.1	0	0.7	5.713	97	1.9265	666	20.2	394.43	17.11	15.3670854973331
5.44114	0	18.1	0	0.713	6.655	98.2	2.3552	666	20.2	355.29	17.73	15.3893060284175
1.23247	0	8.14	0	0.538	6.142	91.7	3.9769	307	21	396.9	18.72	15.4786125020173
0.15086	0	27.74	0	0.609	5.454	92.7	1.8209	711	20.1	395.09	18.06	15.6373079429111
1.12658	0	19.58	1	0.871	5.012	88	1.6102	403	14.7	343.28	12.12	15.6723272055012
2.73397	0	19.58	0	0.871	5.597	94.9	1.5257	403	14.7	351.85	21.45	15.803686530313
9.96654	0	18.1	0	0.74	6.485	100	1.9784	666	20.2	386.73	18.85	15.8539563120711
0.97617	0	21.89	0	0.624	5.757	98.4	2.346	437	21.2	262.76	17.31	15.8697177893246
4.0974	0	19.58	0	0.871	5.468	100	1.4118	403	14.7	396.9	26.42	15.9770773242877
3.53501	0	19.58	1	0.871	6.152	82.6	1.7455	403	14.7	88.01	15.02	16.0329343538604
2.15505	0	19.58	0	0.871	5.628	100	1.5166	403	14.7	169.27	16.65	16.0805580173069
0.75026	0	8.14	0	0.538	5.924	94.1	4.3996	307	21	394.33	16.3	16.1482691817743
0.38735	0	25.65	0	0.581	5.613	95.6	1.7572	188	19.1	359.29	27.26	16.2710155011369
0.17171	25	5.13	0	0.453	5.966	93.4	6.8185	284	19.7	378.08	14.44	16.2736777253629
2.63548	0	9.9	0	0.544	4.973	37.8	2.5194	304	18.4	350.45	12.64	16.303285295403
6.44405	0	18.1	0	0.584	6.425	74.8	2.2004	666	20.2	97.95	12.03	16.3401602203154
8.6558	0	18.1	0	0.597	5.155	100	1.5894	666	20.2	210.97	20.08	16.3509947386197
4.81213	0	18.1	0	0.713	6.701	90	2.5975	666	20.2	255.23	16.42	16.4711145592243
0.21124	12.5	7.87	0	0.524	5.631	100	6.0821	311	15.2	386.63	29.93	16.5550200723528
0.02498	0	1.89	0	0.518	6.54	59.7	6.2669	422	15.9	389.96	8.65	16.6366769532835
0.67191	0	8.14	0	0.538	5.813	90.3	4.682	307	21	376.88	14.81	16.7399180662157
0.22927	0	6.91	0	0.448	6.03	85.5	5.6894	233	17.9	392.74	18.8	16.7427314130187
1.0874	0	18.1	0	0.718	6.411	100	1.8589	666	20.2	318.75	15.02	16.8193113912174
9.72418	0	18.1	0	0.74	6.406	97.2	2.0651	666	20.2	385.96	19.52	16.872973840948
0.05023	35	6.06	0	0.4379	5.706	28.4	6.6407	304	16.9	394.02	12.43	16.888260263745
0.35233	0	21.89	0	0.624	6.454	98.4	1.8498	437	21.2	394.08	14.59	17.0315930683431
0.06162	0	4.39	0	0.442	5.898	52.3	8.0136	352	18.8	364.61	12.67	17.1031601841236
4.0507	0	18.1	0	0.597	6.657	100	1.5275	666	20.2	35.05	21.22	17.1589345982643
7.40389	0	18.1	0	0.597	5.617	97.9	1.4547	666	20.2	314.64	26.4	17.1814806860875
0.15038	0	25.65	0	0.581	5.856	97	1.9444	188	19.1	370.31	25.41	17.1819153442505
0.13554	12.5	6.07	0	0.409	5.594	36.8	6.498	345	18.9	396.9	13.09	17.1879585779992
0.32264	0	21.89	0	0.624	5.942	93.5	1.9669	437	21.2	378.25	16.9	17.232168657061
2.33099	0	19.58	0	0.871	5.186	93.8	1.5296	403	14.7	356.99	28.32	17.3449832162654
8.98296	0	18.1	1	0.77	6.212	97.4	2.1222	666	20.2	377.73	17.6	17.4337137454305
8.24809	0	18.1	0	0.713	7.393	99.3	2.4527	666	20.2	375.87	16.74	17.4785263432754
0.31827	0	9.9	0	0.544	5.914	83.2	3.9986	304	18.4	390.7	18.33	17.4874870899646
8.811	0	18.1	0	0.597	4.628	100	1.5539	666	20.2	28.79	34.37	17.4971059312238
0.32543	0	21.89	0	0.624	6.431	98.8	1.8125	437	21.2	396.9	15.39	17.5116837922733
0.55778	0	21.89	0	0.624	6.335	98.2	2.1107	437	21.2	394.67	16.96	17.5214572211507
0.7258	0	8.14	0	0.538	5.727	69.5	3.7965	307	21	390.95	11.28	17.6016731144683
0.04301	80	1.91	0	0.413	5.663	21.9	10.5857	334	22	382.8	8.05	17.6456996186975
0.63796	0	8.14	0	0.538	6.096	84.5	4.4619	307	21	380.02	10.26	17.7018079538153
0.26838	0	9.69	0	0.585	5.794	70.6	2.8927	391	19.2	396.9	14.1	17.7364865521146
0.17134	0	10.01	0	0.547	5.928	88.2	2.4631	432	17.8	344.91	15.76	17.7765707591003
0.77299	0	8.14	0	0.538	6.495	94.4	4.4547	307	21	387.94	12.8	17.7833205428642
0.32982	0	21.89	0	0.624	5.822	95.4	2.4699	437	21.2	388.69	15.03	17.7868658892656
5.66637	0	18.1	0	0.74	6.219	100	2.0048	666	20.2	395.69	16.59	17.8755340843616
0.28392	0	7.38	0	0.493	5.708	74.3	4.7211	287	19.6	391.13	11.74	17.8812278530771
0.19133	22	5.86	0	0.431	5.605	70.2	7.9549	330	19.1	389.13	18.46	17.8864535675343
0.14231	0	10.01	0	0.547	6.254	84.2	2.2565	432	17.8	388.74	10.45	17.954755058605
0.03041	0	5.19	0	0.515	5.895	59.6	5.615	224	20.2	394.81	10.56	17.9668013752557
0.22876	0	8.56	0	0.52	6.405	85.4	2.7147	384	20.9	70.8	10.63	18.0642314825905
0.07244	60	1.69	0	0.411	5.884	18.5	10.7103	411	18.3	392.33	7.79	18.0743191171803
0.14932	25	5.13	0	0.453	5.741	66.2	7.2254	284	19.7	395.11	13.15	18.0946858029465
0.22212	0	10.01	0	0.547	6.092	95.4	2.548	432	17.8	396.9	17.09	18.1030159481401
0.06417	0	5.96	0	0.499	5.933	68.2	3.3603	279	19.2	396.9	9.68	18.1048035721093
0.0136	75	4	0	0.41	5.888	47.6	7.3197	469	21.1	396.9	14.8	18.1328947107506
3.77498	0	18.1	0	0.655	5.952	84.7	2.8715	666	20.2	22.01	17.15	18.1770552860617
0.05497	0	5.19	0	0.515	5.985	45.4	4.8122	224	20.2	396.9	9.74	18.2086131858405
5.5757	0	18.1	0	0.58	5.926	71	2.9084	666	20.2	368.74	18.13	18.2756424257497
2.3139	0	19.58	0	0.605	5.88	97.3	2.3887	403	14.7	348.13	12.03	18.2918856823675
4.42228	0	18.1	0	0.584	6.003	94.5	2.5403	666	20.2	331.29	21.32	18.4268811339085
5.69175	0	18.1	0	0.583	6.114	79.8	3.5459	666	20.2	392.68	14.98	18.4496833523124
0.34006	0	21.89	0	0.624	6.458	98.9	2.1185	437	21.2	395.04	12.6	18.4540300593022
0.15098	0	10.01	0	0.547	6.021	82.6	2.7474	432	17.8	394.51	10.3	18.4565276036909
0.06617	0	3.24	0	0.46	5.868	25.8	5.2146	430	16.9	382.44	9.97	18.4770838513074
0.21161	0	8.56	0	0.52	6.137	87.4	2.7147	384	20.9	394.47	13.44	18.4940539284715
0.37578	0	10.59	1	0.489	5.404	88.6	3.665	277	18.6	395.24	23.98	18.5693993925592
0.17142	0	6.91	0	0.448	5.682	33.8	5.1004	233	17.9	396.9	10.21	18.5728565078509
0.14476	0	10.01	0	0.547	5.731	65.2	2.7592	432	17.8	391.5	13.61	18.6187942574987
0.04379	80	3.37	0	0.398	5.787	31.1	6.6115	337	16.1	396.9	10.24	18.6364431321307
0.21977	0	6.91	0	0.448	5.602	62	6.0877	233	17.9	396.9	16.2	18.66996675103
0.26363	0	8.56	0	0.52	6.229	91.2	2.5451	384	20.9	391.23	15.55	18.7578586607319
1.49632	0	19.58	0	0.871	5.404	100	1.5916	403	14.7	341.6	13.28	18.8738345837101
4.03841	0	18.1	0	0.532	6.229	90.7	3.0993	666	20.2	395.33	12.87	18.9007464809524
0.08873	21	5.64	0	0.439	5.963	45.7	6.8147	243	16.8	395.56	13.45	18.9796849735481
0.2896	0	9.69	0	0.585	5.39	72.9	2.7986	391	19.2	396.9	21.14	18.9803065467639
0.24522	0	9.9	0	0.544	5.782	71.7	4.0317	304	18.4	396.9	15.94	18.9867743096271
0.04544	0	3.24	0	0.46	6.144	32.2	5.8736	430	16.9	368.57	9.09	18.9889229608437
0.12802	0	8.56	0	0.52	6.474	97.1	2.4329	384	20.9	395.24	12.27	18.9922695806952
0.62739	0	8.14	0	0.538	5.834	56.5	4.4986	307	21	395.62	8.47	18.9996286352807
3.83684	0	18.1	0	0.77	6.251	91.1	2.2955	666	20.2	350.65	14.19	19.0938287189079
3.1636	0	18.1	0	0.655	5.759	48.2	3.0665	666	20.2	334.4	14.13	19.1299991440895
4.34879	0	18.1	0	0.58	6.167	84	3.0334	666	20.2	396.9	16.29	19.2156658710436
0.09744	0	5.96	0	0.499	5.841	61.4	3.3779	279	19.2	377.56	11.41	19.265702323189
0.18836	0	6.91	0	0.448	5.786	33.3	5.1004	233	17.9	396.9	14.15	19.3111631895386
0.43571	0	10.59	1	0.489	5.344	100	3.875	277	18.6	396.9	23.09	19.3120221874477
6.80117	0	18.1	0	0.713	6.081	84.4	2.7175	666	20.2	396.9	14.7	19.3156436031459
0.10153	0	12.83	0	0.437	6.279	74.5	4.0522	398	18.7	373.66	11.97	19.3509763373632
0.10612	30	4.93	0	0.428	6.095	65.1	6.3361	300	16.6	394.62	12.4	19.3709544028027
0.1396	0	8.56	0	0.52	6.167	90	2.421	384	20.9	392.69	12.33	19.3715970284576
0.01965	80	1.76	0	0.385	6.23	31.5	9.0892	241	18.2	341.6	12.93	19.4042572530111
3.0751	0	18.1	0	0.58	5.713	56.7	2.8237	666	20.2	396.9	14.76	19.4052568749923
0.11132	0	27.74	0	0.609	5.983	83.5	2.1099	711	20.1	396.9	13.35	19.4530957716652
5.82115	0	18.1	0	0.713	6.513	89.9	2.8016	666	20.2	393.82	10.29	19.4566423591609
0.80271	0	8.14	0	0.538	5.456	36.6	3.7965	307	21	288.99	11.69	19.4693424255165
0.3494	0	9.9	0	0.544	5.972	76.7	3.1025	304	18.4	396.24	9.97	19.5555407446439
0.08387	0	12.83	0	0.437	5.874	36.6	4.5026	398	18.7	396.06	9.1	19.5751117169401
0.14103	0	13.92	0	0.437	5.79	58	6.32	289	16	396.9	15.84	19.6133923604352
0.07165	0	25.65	0	0.581	6.004	84.1	2.1974	188	19.1	377.67	14.27	19.6172797979182
0.62976	0	8.14	0	0.538	5.949	61.8	4.7075	307	21	396.9	8.26	19.6200919386959
0.13058	0	10.01	0	0.547	5.872	73.1	2.4775	432	17.8	338.63	15.37	19.6435040308828
0.13117	0	8.56	0	0.52	6.127	85.2	2.1224	384	20.9	387.69	14.09	19.6487736840844
0.35114	0	7.38	0	0.493	6.041	49.9	4.7211	287	19.6	396.9	7.7	19.6574667154119
0.19657	22	5.86	0	0.431	6.226	79.2	8.0555	330	19.1	376.14	10.15	19.6880329126369
0.04337	21	5.64	0	0.439	6.115	63	6.8147	243	16.8	393.97	9.43	19.7106190411923
0.09299	0	25.65	0	0.581	5.961	92.9	2.0869	188	19.1	378.09	17.93	19.7995549068676
4.83567	0	18.1	0	0.583	5.905	53.2	3.1523	666	20.2	388.22	11.45	19.8335724229564
0.04294	28	15.04	0	0.464	6.249	77.3	3.615	270	18.2	396.9	10.59	19.8564857504866
2.37857	0	18.1	0	0.583	5.871	41.9	3.724	666	20.2	370.73	13.34	19.8575190239047
0.03306	0	5.19	0	0.515	6.059	37.3	4.8122	224	20.2	396.14	8.51	19.8836043418036
0.10659	80	1.91	0	0.413	5.936	19.5	10.5857	334	22	376.04	5.57	19.9388372043584
0.04527	0	11.93	0	0.573	6.12	76.7	2.2875	273	21	396.9	9.08	19.940612102463
0.03738	0	5.19	0	0.515	6.31	38.5	6.4584	224	20.2	389.4	6.75	19.9906737890891
0.09065	20	6.96	1	0.464	5.92	61.5	3.9175	223	18.6	391.34	13.65	20.0184911663934
3.67822	0	18.1	0	0.77	5.362	96.2	2.1036	666	20.2	380.79	10.19	20.0401224043023
0.08707	0	12.83	0	0.437	6.14	45.8	4.0905	398	18.7	386.96	10.27	20.0712150598726
2.0482	0	18.1	0	0.614	5.648	87.6	1.9512	666	20.2	291.55	14.1	20.1231393214376
0.12816	12.5	6.07	0	0.409	5.885	33	6.498	345	18.9	396.9	8.79	20.1891644472698
0.03548	80	3.64	0	0.392	5.876	19.1	9.2203	315	16.4	395.18	9.25	20.2286442102769
0.47547	0	9.9	0	0.544	6.113	58.8	4.0019	304	18.4	396.23	12.73	20.2779650625417
0.08014	0	5.96	0	0.499	5.85	41.5	3.9342	279	19.2	396.9	8.77	20.2791857909172
1.00245	0	8.14	0	0.538	6.674	87.3	4.239	307	21	380.23	11.98	20.3569057473718
0.29916	20	6.96	0	0.464	5.856	42.1	4.429	223	18.6	388.65	13	20.3927972565628
0.03961	0	5.19	0	0.515	6.037	34.5	5.9853	224	20.2	396.9	8.01	20.3965565369349
0.13158	0	10.01	0	0.547	6.176	72.5	2.7301	432	17.8	393.3	12.04	20.4018415032008
0.05646	0	12.83	0	0.437	6.232	53.7	5.0141	398	18.7	386.4	12.34	20.4721049165486
0.23912	0	9.69	0	0.585	6.019	65.3	2.4091	391	19.2	396.9	12.92	20.4740211269349
0.12269	0	6.91	0	0.448	6.069	40	5.7209	233	17.9	389.39	9.55	20.51515504756
3.67367	0	18.1	0	0.583	6.312	51.9	3.9917	666	20.2	388.62	10.58	20.5463759329901
7.83932	0	18.1	0	0.655	6.209	65.4	2.9634	666	20.2	396.9	13.22	20.5639957225297
0.16902	0	25.65	0	0.581	5.986	88.4	1.9929	188	19.1	385.02	14.81	20.6298825607898
4.3337	0	18.1	0	0.614	6.229	88	1.9512	666	20.2	383.32	13.11	20.6709561954544
0.11504	0	2.89	0	0.445	6.163	69.6	3.4952	276	18	391.83	11.34	20.7012846170186
0.09512	0	12.83	0	0.437	6.286	45	4.5026	398	18.7	383.23	8.94	20.8118958580883
1.6566	0	19.58	0	0.871	6.122	97.3	1.618	403	14.7	372.8	14.1	20.8189852420012
0.11069	0	13.89	1	0.55	5.951	93.8	2.8893	276	16.4	396.9	17.92	20.9086330966915
0.02731	0	7.07	0	0.469	6.421	78.9	4.9671	242	17.8	396.9	9.14	20.908876852198
0.26938	0	9.9	0	0.544	6.266	82.8	3.2628	304	18.4	393.39	7.9	20.9383678088827
0.15876	0	10.81	0	0.413	5.961	17.5	5.2873	305	19.2	376.94	9.88	20.9790013563765
0.10793	0	8.56	0	0.52	6.195	54.4	2.7778	384	20.9	393.49	13	21.0194010719557
0.40771	0	6.2	1	0.507	6.164	91.3	3.048	307	17.4	395.24	21.46	21.1768549686209
0.17446	0	10.59	1	0.489	5.96	92.1	3.8771	277	18.6	393.25	17.27	21.1771253832552
3.8497	0	18.1	1	0.77	6.395	91	2.5052	666	20.2	391.34	13.27	21.2274205934131
0.08199	0	13.92	0	0.437	6.009	42.3	5.5027	289	16	396.9	10.4	21.2390856342002
0.09378	12.5	7.87	0	0.524	5.889	39	5.4509	311	15.2	390.5	15.71	21.3090579360063
0.17331	0	9.69	0	0.585	5.707	54	2.3817	391	19.2	396.9	12.01	21.3388891015742
2.81838	0	18.1	0	0.532	5.762	40.3	4.0983	666	20.2	392.92	10.42	21.3774988864148
3.47428	0	18.1	1	0.718	8.78	82.9	1.9047	666	20.2	354.55	5.29	21.5076813669171
0.04819	80	3.64	0	0.392	6.108	32	9.2203	315	16.4	392.89	6.57	21.5294926756056
3.69695	0	18.1	0	0.718	4.963	91.4	1.7523	666	20.2	316.03	14	21.5318729931362
0.11329	30	4.93	0	0.428	6.897	54.3	6.3361	300	16.6	391.25	11.38	21.5617043315953
0.05789	12.5	6.07	0	0.409	5.878	21.4	6.498	345	18.9	396.21	8.1	21.5857698125351
0.06899	0	25.65	0	0.581	5.87	69.7	2.2577	188	19.1	389.15	14.37	21.6767958619535
0.03932	0	3.41	0	0.489	6.405	73.9	3.0921	270	17.8	393.55	8.2	21.8199586138358
0.03537	34	6.09	0	0.433	6.59	40.4	5.4917	329	16.1	395.75	9.5	21.8286173612819
0.10959	0	11.93	0	0.573	6.794	89.3	2.3889	273	21	393.45	6.48	21.8885988289561
0.01096	55	2.25	0	0.389	6.453	31.9	7.3073	300	15.3	394.72	8.23	21.944205156294
0.79041	0	9.9	0	0.544	6.122	52.8	2.6403	304	18.4	396.9	5.98	21.9686253108626
0.07151	0	4.49	0	0.449	6.121	56.8	3.7476	247	18.5	395.15	8.44	21.9710571603004
0.24103	0	7.38	0	0.493	6.083	43.7	5.4159	287	19.6	396.9	12.79	22.0235640030465
0.1029	30	4.93	0	0.428	6.358	52.9	7.0355	300	16.6	372.75	11.22	22.0635691888692
0.11027	25	5.13	0	0.453	6.456	67.8	7.2255	284	19.7	396.9	6.73	22.0656069393312
0.05083	0	5.19	0	0.515	6.316	38.1	6.4584	224	20.2	389.71	5.68	22.1108631751237
0.0459	52.5	5.32	0	0.405	6.315	45.6	7.3172	293	16.6	396.9	7.6	22.1449704206106
2.44953	0	19.58	0	0.605	6.402	95.2	2.2625	403	14.7	330.04	11.32	22.1504475711426
0.06263	0	11.93	0	0.573	6.593	69.1	2.4786	273	21	391.99	9.67	22.2371254966645
0.21719	0	10.59	1	0.489	5.807	53.8	3.6526	277	18.6	390.94	16.03	22.2598518590551
0.06466	70	2.24	0	0.4	6.345	20.1	7.8278	358	14.8	368.24	4.97	22.2600110544619
0.25199	0	10.59	0	0.489	5.783	72.7	4.3549	277	18.6	389.43	18.06	22.2931943579974
0.05188	0	4.49	0	0.449	6.015	45.1	4.4272	247	18.5	395.99	12.86	22.3119375068595
0.13642	0	10.59	0	0.489	5.891	22.3	3.9454	277	18.6	396.9	10.87	22.3126254218737
0.08447	0	4.05	0	0.51	5.859	68.7	2.7019	296	16.6	393.23	9.64	22.3612203368572
0.06724	0	3.24	0	0.46	6.333	17.2	5.2146	430	16.9	375.21	7.34	22.37346569057
4.26131	0	18.1	0	0.77	6.112	81.3	2.5091	666	20.2	390.74	12.67	22.4041635563989
0.04684	0	3.41	0	0.489	6.417	66.1	3.0923	270	17.8	392.18	8.81	22.6319039382079
2.24236	0	19.58	0	0.605	5.854	91.8	2.422	403	14.7	395.11	11.64	22.6796082836598
5.20177	0	18.1	1	0.77	6.127	83.4	2.7227	666	20.2	395.43	11.48	22.7086380877297
0.76162	20	3.97	0	0.647	5.56	62.8	1.9865	264	13	392.4	10.45	22.7733197483879
0.49298	0	9.9	0	0.544	6.635	82.5	3.3175	304	18.4	396.9	4.54	22.8582451487049
0.10084	0	10.01	0	0.547	6.715	81.6	2.6775	432	17.8	395.59	10.16	22.9069204709283
0.09164	0	10.81	0	0.413	6.065	7.8	5.2873	305	19.2	390.91	5.52	22.9521339133022
0.03551	25	4.86	0	0.426	6.167	46.7	5.4007	281	19	390.64	7.51	22.9590529343413
0.06211	40	1.25	0	0.429	6.49	44.4	8.7921	335	19.7	396.9	5.98	22.9950029571397
0.04203	28	15.04	0	0.464	6.442	53.6	3.6659	270	18.2	395.01	8.16	23.0030964231087
0.08829	12.5	7.87	0	0.524	6.012	66.6	5.5605	311	15.2	395.6	12.43	23.0064788715076
0.11425	0	13.89	1	0.55	6.373	92.4	3.3633	276	16.4	393.74	10.5	23.0165470018179
5.82401	0	18.1	0	0.532	6.242	64.7	3.4242	666	20.2	396.9	10.74	23.0362673489798
0.59005	0	21.89	0	0.624	6.372	97.9	2.3274	437	21.2	385.76	11.12	23.1155352907745
0.30347	0	7.38	0	0.493	6.312	28.9	5.4159	287	19.6	396.9	6.15	23.1495757612518
3.5222	0	18.1	0	0.631	3.863	100	1.5106	666	20.2	131.42	13.33	23.2679750372914
0.18159	0	7.38	0	0.493	6.376	54.3	4.5404	287	19.6	396.9	6.87	23.2723493169372
0.40202	0	9.9	0	0.544	6.382	67.2	3.5325	304	18.4	395.21	10.36	23.3656269822529
0.17899	0	9.69	0	0.585	5.67	28.8	2.7986	391	19.2	393.29	17.6	23.370667557148
1.05393	0	8.14	0	0.538	5.935	29.3	4.4986	307	21	386.85	6.58	23.4311215339734
0.13914	0	4.05	0	0.51	5.572	88.5	2.5961	296	16.6	396.9	14.69	23.43973209958
0.0187	85	4.15	0	0.429	6.516	27.7	8.5353	351	17.9	392.43	6.36	23.4719440147036
0.07022	0	4.05	0	0.51	6.02	47.2	3.5549	296	16.6	393.23	10.11	23.4745243962741
0.03871	52.5	5.32	0	0.405	6.209	31.3	7.3172	293	16.6	396.9	7.14	23.4782698460844
5.29305	0	18.1	0	0.7	6.051	82.5	2.1678	666	20.2	378.38	18.76	23.4825876221441
3.56868	0	18.1	0	0.58	6.437	75	2.8965	666	20.2	393.37	14.36	23.5075876767985
0.09252	30	4.93	0	0.428	6.606	42.2	6.1899	300	16.6	383.78	7.37	23.5184666578566
1.42502	0	19.58	0	0.871	6.51	100	1.7659	403	14.7	364.31	7.39	23.587635390131
0.0456	0	13.89	1	0.55	5.888	56	3.1121	276	16.4	392.8	13.51	23.5897096103445
0.15445	25	5.13	0	0.453	6.145	29.2	7.8148	284	19.7	390.68	6.86	23.6071135583302
0.04981	21	5.64	0	0.439	5.998	21.4	6.8147	243	16.8	396.9	8.43	23.6222443008229
0.19539	0	10.81	0	0.413	6.245	6.2	5.2873	305	19.2	377.17	7.54	23.6985785387312
0.03584	80	3.37	0	0.398	6.29	17.8	6.6115	337	16.1	396.9	4.67	23.7740151335607
0.09178	0	4.05	0	0.51	6.416	84.1	2.6463	296	16.6	395.5	9.04	23.7840276950131
0.0566	0	3.41	0	0.489	7.007	86.3	3.4217	270	17.8	396.9	5.5	23.8384801251966
0.28955	0	10.59	0	0.489	5.412	9.8	3.5875	277	18.6	348.93	29.55	23.8936967524649
0.12757	30	4.93	0	0.428	6.393	7.8	7.0355	300	16.6	374.71	5.19	23.9732840157216
5.70818	0	18.1	0	0.532	6.75	74.9	3.3317	666	20.2	393.07	7.74	24.0575305044086
0.08244	30	4.93	0	0.428	6.481	18.5	6.1899	300	16.6	379.41	6.36	24.1101072353105
0.3692	0	9.9	0	0.544	6.567	87.3	3.6023	304	18.4	395.69	9.28	24.1586089611003
1.80028	0	19.58	0	0.605	5.877	79.2	2.4259	403	14.7	227.61	12.14	24.2847680305706
0.1676	0	7.38	0	0.493	6.426	52.3	4.5404	287	19.6	396.9	7.2	24.4146953564689
2.3004	0	19.58	0	0.605	6.319	96.1	2.1	403	14.7	297.09	11.1	24.4719776138279
0.08265	0	13.92	0	0.437	6.127	18.4	5.5027	289	16	396.9	8.58	24.5216374322373
0.06076	0	11.93	0	0.573	6.976	91	2.1675	273	21	396.9	5.64	24.5220173614056
0.05059	0	4.49	0	0.449	6.389	48	4.7794	247	18.5	396.9	9.62	24.5358047141892
0.04462	25	4.86	0	0.426	6.619	70.4	5.4007	281	19	395.63	7.22	24.5742087093121
0.02543	55	3.78	0	0.484	6.696	56.4	5.7321	370	17.6	396.9	7.18	24.5769804606645
0.00632	18	2.31	0	0.538	6.575	65.2	4.09	296	15.3	396.9	4.98	24.5792918553809
0.33045	0	6.2	0	0.507	6.086	61.5	3.6519	307	17.4	376.75	10.88	24.7358241688783
0.0795	60	1.69	0	0.411	6.579	35.9	10.7103	411	18.3	370.78	5.49	24.7513340463973
0.07896	0	12.83	0	0.437	6.273	6	4.2515	398	18.7	394.92	6.78	24.7570380276577
0.03445	82.5	2.03	0	0.415	6.162	38.4	6.27	348	14.7	393.77	7.43	24.7634391162369
0.08826	0	10.81	0	0.413	6.417	6.6	5.2873	305	19.2	383.73	6.72	24.7880757655434
0.537	0	6.2	0	0.504	5.981	68.1	3.6715	307	17.4	378.35	11.65	24.8609528533385
1.34284	0	19.58	0	0.605	6.066	100	1.7573	403	14.7	353.89	6.43	24.8636769545026
0.33983	22	5.86	0	0.431	6.108	34.9	8.0555	330	19.1	390.18	9.16	24.865815040018
0.13587	0	10.59	1	0.489	6.064	59.1	4.2392	277	18.6	381.32	14.66	24.9015602990673
0.1146	20	6.96	0	0.464	6.538	58.7	3.9175	223	18.6	394.96	7.73	24.9227071335258
0.1403	22	5.86	0	0.431	6.487	13	7.3967	330	19.1	396.28	5.9	24.9537761088716
0.22969	0	10.59	0	0.489	6.326	52.5	4.3549	277	18.6	394.87	10.97	25.0491698106228
0.01501	80	2.01	0	0.435	6.635	29.7	8.344	280	17	390.94	5.99	25.0512243561173
0.16439	22	5.86	0	0.431	6.433	49.1	7.8265	330	19.1	374.71	9.52	25.1279402943927
0.27957	0	9.69	0	0.585	5.926	42.6	2.3817	391	19.2	396.9	13.59	25.1449795090831
0.05425	0	4.05	0	0.51	6.315	73.4	3.3175	296	16.6	395.6	6.29	25.1952684929064
0.19186	0	7.38	0	0.493	6.431	14.7	5.4159	287	19.6	393.68	5.08	25.2355888020532
0.17505	0	5.96	0	0.499	5.966	30.2	3.8473	279	19.2	393.43	10.13	25.4492204762301
0.15936	0	6.91	0	0.448	6.211	6.5	5.7209	233	17.9	394.46	7.44	25.467124847427
0.02055	85	0.74	0	0.41	6.383	35.7	9.1876	313	17.3	396.9	5.77	25.6422555356909
0.21409	22	5.86	0	0.431	6.438	8.9	7.3967	330	19.1	377.07	3.59	25.7935273825934
0.04417	70	2.24	0	0.4	6.871	47.4	7.8278	358	14.8	390.86	6.07	25.8007557106238
0.04297	52.5	5.32	0	0.405	6.565	22.9	7.3172	293	16.6	371.72	9.51	25.8482091938948
0.03659	25	4.86	0	0.426	6.302	32.2	5.4007	281	19	396.9	6.72	26.0135491375765
5.73116	0	18.1	0	0.532	7.061	77	3.4106	666	20.2	395.28	7.01	26.0955360581066
0.02875	28	15.04	0	0.464	6.211	28.9	3.6659	270	18.2	396.33	6.21	26.2551961689724
0.34109	0	7.38	0	0.493	6.415	40.1	4.7211	287	19.6	396.9	6.12	26.3172950106873
4.54192	0	18.1	0	0.77	6.398	88	2.5182	666	20.2	374.56	7.79	26.3597708315197
0.19802	0	10.59	0	0.489	6.182	42.4	3.9454	277	18.6	393.63	9.47	26.3600622826163
0.0536	21	5.64	0	0.439	6.511	21.1	6.8147	243	16.8	396.9	5.28	26.3843709850844
2.924	0	19.58	0	0.605	6.101	93	2.2834	403	14.7	240.16	9.81	26.3997826401486
0.1265	25	5.13	0	0.453	6.762	43.4	7.9809	284	19.7	395.58	9.5	26.436588331245
0.52058	0	6.2	1	0.507	6.631	76.5	4.148	307	17.4	388.45	9.54	26.4724214484327
0.16211	20	6.96	0	0.464	6.24	16.3	4.429	223	18.6	396.9	6.59	26.4806365374794
0.1415	0	6.91	0	0.448	6.169	6.6	5.7209	233	17.9	383.37	5.81	26.487765718952
0.19073	22	5.86	0	0.431	6.718	17.5	7.8265	330	19.1	393.74	6.56	26.5975645101431
0.09266	34	6.09	0	0.433	6.495	18.4	5.4917	329	16.1	383.61	8.67	26.9477717607649
0.08308	0	2.46	0	0.488	5.604	89.8	2.9879	193	17.8	391	13.98	26.9539401760782
0.11432	0	8.56	0	0.52	6.781	71.3	2.8561	384	20.9	395.58	7.67	26.9630679487475
0.05735	0	4.49	0	0.449	6.63	56.1	4.4377	247	18.5	392.3	6.53	26.9677984588294
0.12744	0	6.91	0	0.448	6.77	2.9	5.7209	233	17.9	385.41	4.84	26.9972536767461
0.02899	40	1.25	0	0.429	6.939	34.5	8.7921	335	19.7	389.85	5.89	27.1534954661258
0.35809	0	6.2	1	0.507	6.951	88.5	2.8617	307	17.4	391.7	9.71	27.1875108927063
1.27346	0	19.58	1	0.605	6.25	92.6	1.7984	403	14.7	338.92	5.5	27.3385084196989
0.05372	0	13.92	0	0.437	6.549	51	5.9604	289	16	392.85	7.39	27.3611047342882
0.14455	12.5	7.87	0	0.524	6.172	96.1	5.9505	311	15.2	396.9	19.15	27.3958169181239
4.4383	0	18.1	0	0.597	6.852	100	1.4655	666	20.2	179.36	19.78	27.4010542767419
4.55587	0	18.1	0	0.718	3.561	87.9	1.6132	666	20.2	354.7	7.12	27.4331491871793
0.14866	0	8.56	0	0.52	6.727	79.9	2.7778	384	20.9	394.76	9.42	27.4576570559634
0.62356	0	6.2	1	0.507	6.879	77.7	3.2721	307	17.4	390.39	9.93	27.5272296971892
1.9511	0	18.1	0	0.659	5.608	100	1.2852	666	20.2	332.09	12.13	27.5484603444329
0.03615	80	4.95	0	0.411	6.63	23.4	5.1167	245	19.2	396.9	4.7	27.6116043900112
0.04113	25	4.86	0	0.426	6.727	33.5	5.4007	281	19	396.9	5.29	28.1539351977118
0.14052	0	10.59	0	0.489	6.375	32.3	3.9454	277	18.6	385.81	9.38	28.5094424261882
0.04932	33	2.18	0	0.472	6.849	70.3	3.1827	222	18.4	396.9	7.53	28.7306936065984
0.05479	33	2.18	0	0.472	6.616	58.1	3.37	222	18.4	393.36	8.93	28.7759222717169
0.12204	0	2.89	0	0.445	6.625	57.8	3.4952	276	18	357.98	6.65	28.7813845779379
0.03502	80	4.95	0	0.411	6.861	27.9	5.1167	245	19.2	396.9	3.33	28.8190003661617
0.12932	0	13.92	0	0.437	6.678	31.1	5.9604	289	16	396.9	6.27	28.8747871008434
0.02985	0	2.18	0	0.458	6.43	58.7	6.0622	222	18.7	394.12	5.21	28.8760149005369
0.05302	0	3.41	0	0.489	7.079	63.1	3.4145	270	17.8	396.06	5.7	29.3427992498841
0.07013	0	13.89	0	0.55	6.642	85.1	3.4211	276	16.4	392.78	9.69	29.4698002412806
0.44791	0	6.2	1	0.507	6.726	66.5	3.6519	307	17.4	360.2	8.05	30.1408530277703
0.05561	70	2.24	0	0.4	7.041	10	7.8278	358	14.8	371.58	4.74	30.5675565451681
0.07978	40	6.41	0	0.447	6.482	32.1	4.1403	254	17.6	396.9	7.19	31.0094507446472
0.01439	60	2.93	0	0.401	6.604	18.8	6.2196	265	15.6	376.7	4.38	31.1557588323128
0.06664	0	4.05	0	0.51	6.546	33.1	3.1323	296	16.6	390.96	5.33	32.166169098413
0.08221	22	5.86	0	0.431	6.957	6.8	8.9067	330	19.1	386.09	3.53	32.2949822190699
0.06047	0	2.46	0	0.488	6.153	68.8	3.2797	193	17.8	387.11	13.15	32.5086644826196
0.12579	45	3.44	0	0.437	6.556	29.1	4.5667	398	15.2	382.84	4.56	32.6401086081743
4.64689	0	18.1	0	0.614	6.98	67.6	2.5329	666	20.2	374.68	11.66	32.9600836404184
0.06642	0	4.05	0	0.51	6.86	74.4	2.9153	296	16.6	391.27	6.92	33.8621034458962
0.02187	60	2.93	0	0.401	6.8	9.9	6.2196	265	15.6	393.37	5.03	34.6903117443788
0.55007	20	3.97	0	0.647	7.206	91.6	1.9301	264	13	387.89	8.1	35.5512327993627
0.09068	45	3.44	0	0.437	6.951	21.5	6.4798	398	15.2	377.68	5.1	35.8784816908194
