"Sexe";"Age";"prob";"Y";"pred"
"1";1;1;0.96770453530155;1;0.969816778016574
"2";1;1;0.96770453530155;1;0.969816778016574
"3";1;1;0.96770453530155;1;0.969816778016574
"4";1;1;0.96770453530155;1;0.969816778016574
"5";1;1;0.96770453530155;1;0.969816778016574
"6";1;1;0.96770453530155;1;0.969816778016574
"7";1;1;0.96770453530155;1;0.969816778016574
"8";1;1;0.96770453530155;1;0.969816778016574
"9";1;1;0.96770453530155;1;0.969816778016574
"10";1;1;0.96770453530155;1;0.969816778016574
"11";1;1;0.96770453530155;1;0.969816778016574
"12";1;1;0.96770453530155;1;0.969816778016574
"13";1;1;0.96770453530155;1;0.969816778016574
"14";1;1;0.96770453530155;1;0.969816778016574
"15";1;1;0.96770453530155;1;0.969816778016574
"16";1;1;0.96770453530155;1;0.969816778016574
"17";1;1;0.96770453530155;1;0.969816778016574
"18";1;1;0.96770453530155;1;0.969816778016574
"19";1;1;0.96770453530155;1;0.969816778016574
"20";1;1;0.96770453530155;1;0.969816778016574
"21";1;1;0.96770453530155;1;0.969816778016574
"22";1;1;0.96770453530155;1;0.969816778016574
"23";1;1;0.96770453530155;1;0.969816778016574
"24";1;1;0.96770453530155;1;0.969816778016574
"25";1;1;0.96770453530155;1;0.969816778016574
"26";1;1;0.96770453530155;1;0.969816778016574
"27";1;1;0.96770453530155;1;0.969816778016574
"28";1;1;0.96770453530155;1;0.969816778016574
"29";1;1;0.96770453530155;1;0.969816778016574
"30";1;1;0.96770453530155;1;0.969816778016574
"31";1;1;0.96770453530155;1;0.969816778016574
"32";1;1;0.96770453530155;1;0.969816778016574
"33";1;1;0.96770453530155;1;0.969816778016574
"34";1;1;0.96770453530155;1;0.969816778016574
"35";1;1;0.96770453530155;1;0.969816778016574
"36";1;1;0.96770453530155;1;0.969816778016574
"37";1;1;0.96770453530155;1;0.969816778016574
"38";1;1;0.96770453530155;1;0.969816778016574
"39";1;1;0.96770453530155;1;0.969816778016574
"40";1;1;0.96770453530155;1;0.969816778016574
"41";1;1;0.96770453530155;1;0.969816778016574
"42";1;1;0.96770453530155;0;0.969816778016574
"43";1;1;0.96770453530155;1;0.969816778016574
"44";1;1;0.96770453530155;1;0.969816778016574
"45";1;1;0.96770453530155;1;0.969816778016574
"46";1;1;0.96770453530155;1;0.969816778016574
"47";1;1;0.96770453530155;1;0.969816778016574
"48";1;1;0.96770453530155;1;0.969816778016574
"49";1;1;0.96770453530155;1;0.969816778016574
"50";1;1;0.96770453530155;1;0.969816778016574
"51";1;1;0.96770453530155;1;0.969816778016574
"52";1;1;0.96770453530155;1;0.969816778016574
"53";1;1;0.96770453530155;1;0.969816778016574
"54";1;1;0.96770453530155;1;0.969816778016574
"55";1;1;0.96770453530155;1;0.969816778016574
"56";1;1;0.96770453530155;1;0.969816778016574
"57";1;1;0.96770453530155;1;0.969816778016574
"58";1;1;0.96770453530155;1;0.969816778016574
"59";1;1;0.96770453530155;1;0.969816778016574
"60";1;1;0.96770453530155;1;0.969816778016574
"61";1;1;0.96770453530155;1;0.969816778016574
"62";1;1;0.96770453530155;1;0.969816778016574
"63";1;1;0.96770453530155;1;0.969816778016574
"64";1;1;0.96770453530155;1;0.969816778016574
"65";1;1;0.96770453530155;1;0.969816778016574
"66";1;1;0.96770453530155;1;0.969816778016574
"67";1;1;0.96770453530155;1;0.969816778016574
"68";1;1;0.96770453530155;1;0.969816778016574
"69";1;1;0.96770453530155;1;0.969816778016574
"70";1;1;0.96770453530155;1;0.969816778016574
"71";1;1;0.96770453530155;1;0.969816778016574
"72";1;1;0.96770453530155;1;0.969816778016574
"73";1;1;0.96770453530155;1;0.969816778016574
"74";1;1;0.96770453530155;1;0.969816778016574
"75";1;1;0.96770453530155;1;0.969816778016574
"76";1;1;0.96770453530155;1;0.969816778016574
"77";1;1;0.96770453530155;0;0.969816778016574
"78";1;1;0.96770453530155;0;0.969816778016574
"79";1;1;0.96770453530155;1;0.969816778016574
"80";1;1;0.96770453530155;1;0.969816778016574
"81";1;1;0.96770453530155;1;0.969816778016574
"82";1;1;0.96770453530155;0;0.969816778016574
"83";1;1;0.96770453530155;1;0.969816778016574
"84";1;1;0.96770453530155;1;0.969816778016574
"85";1;1;0.96770453530155;1;0.969816778016574
"86";1;1;0.96770453530155;1;0.969816778016574
"87";1;1;0.96770453530155;1;0.969816778016574
"88";1;1;0.96770453530155;1;0.969816778016574
"89";1;1;0.96770453530155;1;0.969816778016574
"90";1;1;0.96770453530155;0;0.969816778016574
"91";1;1;0.96770453530155;1;0.969816778016574
"92";1;1;0.96770453530155;1;0.969816778016574
"93";1;1;0.96770453530155;1;0.969816778016574
"94";1;1;0.96770453530155;1;0.969816778016574
"95";1;1;0.96770453530155;1;0.969816778016574
"96";1;1;0.96770453530155;1;0.969816778016574
"97";1;1;0.96770453530155;1;0.969816778016574
"98";1;1;0.96770453530155;1;0.969816778016574
"99";1;1;0.96770453530155;1;0.969816778016574
"100";1;1;0.96770453530155;1;0.969816778016574
"101";1;0;0.802183888558582;1;0.790061073993783
"102";1;0;0.802183888558582;1;0.790061073993783
"103";1;0;0.802183888558582;1;0.790061073993783
"104";1;0;0.802183888558582;1;0.790061073993783
"105";1;0;0.802183888558582;1;0.790061073993783
"106";1;0;0.802183888558582;1;0.790061073993783
"107";1;0;0.802183888558582;0;0.790061073993783
"108";1;0;0.802183888558582;0;0.790061073993783
"109";1;0;0.802183888558582;1;0.790061073993783
"110";1;0;0.802183888558582;1;0.790061073993783
"111";1;0;0.802183888558582;1;0.790061073993783
"112";1;0;0.802183888558582;1;0.790061073993783
"113";1;0;0.802183888558582;1;0.790061073993783
"114";1;0;0.802183888558582;1;0.790061073993783
"115";1;0;0.802183888558582;1;0.790061073993783
"116";1;0;0.802183888558582;1;0.790061073993783
"117";1;0;0.802183888558582;1;0.790061073993783
"118";1;0;0.802183888558582;1;0.790061073993783
"119";1;0;0.802183888558582;1;0.790061073993783
"120";1;0;0.802183888558582;1;0.790061073993783
"121";1;0;0.802183888558582;1;0.790061073993783
"122";1;0;0.802183888558582;0;0.790061073993783
"123";1;0;0.802183888558582;0;0.790061073993783
"124";1;0;0.802183888558582;1;0.790061073993783
"125";1;0;0.802183888558582;0;0.790061073993783
"126";1;0;0.802183888558582;1;0.790061073993783
"127";1;0;0.802183888558582;1;0.790061073993783
"128";1;0;0.802183888558582;0;0.790061073993783
"129";1;0;0.802183888558582;1;0.790061073993783
"130";1;0;0.802183888558582;1;0.790061073993783
"131";1;0;0.802183888558582;1;0.790061073993783
"132";1;0;0.802183888558582;1;0.790061073993783
"133";1;0;0.802183888558582;1;0.790061073993783
"134";1;0;0.802183888558582;0;0.790061073993783
"135";1;0;0.802183888558582;1;0.790061073993783
"136";1;0;0.802183888558582;0;0.790061073993783
"137";1;0;0.802183888558582;1;0.790061073993783
"138";1;0;0.802183888558582;1;0.790061073993783
"139";1;0;0.802183888558582;0;0.790061073993783
"140";1;0;0.802183888558582;1;0.790061073993783
"141";1;0;0.802183888558582;0;0.790061073993783
"142";1;0;0.802183888558582;1;0.790061073993783
"143";1;0;0.802183888558582;0;0.790061073993783
"144";1;0;0.802183888558582;1;0.790061073993783
"145";1;0;0.802183888558582;1;0.790061073993783
"146";1;0;0.802183888558582;1;0.790061073993783
"147";1;0;0.802183888558582;1;0.790061073993783
"148";1;0;0.802183888558582;1;0.790061073993783
"149";1;0;0.802183888558582;1;0.790061073993783
"150";1;0;0.802183888558582;1;0.790061073993783
"151";1;0;0.802183888558582;0;0.790061073993783
"152";1;0;0.802183888558582;1;0.790061073993783
"153";1;0;0.802183888558582;1;0.790061073993783
"154";1;0;0.802183888558582;1;0.790061073993783
"155";1;0;0.802183888558582;1;0.790061073993783
"156";1;0;0.802183888558582;0;0.790061073993783
"157";1;0;0.802183888558582;1;0.790061073993783
"158";1;0;0.802183888558582;1;0.790061073993783
"159";1;0;0.802183888558582;1;0.790061073993783
"160";1;0;0.802183888558582;0;0.790061073993783
"161";1;0;0.802183888558582;1;0.790061073993783
"162";1;0;0.802183888558582;0;0.790061073993783
"163";1;0;0.802183888558582;0;0.790061073993783
"164";1;0;0.802183888558582;1;0.790061073993783
"165";1;0;0.802183888558582;1;0.790061073993783
"166";1;0;0.802183888558582;1;0.790061073993783
"167";1;0;0.802183888558582;1;0.790061073993783
"168";1;0;0.802183888558582;0;0.790061073993783
"169";1;0;0.802183888558582;1;0.790061073993783
"170";1;0;0.802183888558582;1;0.790061073993783
"171";1;0;0.802183888558582;1;0.790061073993783
"172";1;0;0.802183888558582;1;0.790061073993783
"173";1;0;0.802183888558582;1;0.790061073993783
"174";1;0;0.802183888558582;1;0.790061073993783
"175";1;0;0.802183888558582;1;0.790061073993783
"176";1;0;0.802183888558582;1;0.790061073993783
"177";1;0;0.802183888558582;1;0.790061073993783
"178";1;0;0.802183888558582;0;0.790061073993783
"179";1;0;0.802183888558582;0;0.790061073993783
"180";1;0;0.802183888558582;1;0.790061073993783
"181";1;0;0.802183888558582;0;0.790061073993783
"182";1;0;0.802183888558582;1;0.790061073993783
"183";1;0;0.802183888558582;0;0.790061073993783
"184";1;0;0.802183888558582;0;0.790061073993783
"185";1;0;0.802183888558582;1;0.790061073993783
"186";1;0;0.802183888558582;0;0.790061073993783
"187";1;0;0.802183888558582;0;0.790061073993783
"188";1;0;0.802183888558582;1;0.790061073993783
"189";1;0;0.802183888558582;1;0.790061073993783
"190";1;0;0.802183888558582;1;0.790061073993783
"191";1;0;0.802183888558582;1;0.790061073993783
"192";1;0;0.802183888558582;1;0.790061073993783
"193";1;0;0.802183888558582;1;0.790061073993783
"194";1;0;0.802183888558582;1;0.790061073993783
"195";1;0;0.802183888558582;0;0.790061073993783
"196";1;0;0.802183888558582;1;0.790061073993783
"197";1;0;0.802183888558582;1;0.790061073993783
"198";1;0;0.802183888558582;1;0.790061073993783
"199";1;0;0.802183888558582;1;0.790061073993783
"200";1;0;0.802183888558582;1;0.790061073993783
"201";1;0;0.802183888558582;1;0.790061073993783
"202";1;0;0.802183888558582;0;0.790061073993783
"203";1;0;0.802183888558582;1;0.790061073993783
"204";1;0;0.802183888558582;1;0.790061073993783
"205";1;0;0.802183888558582;1;0.790061073993783
"206";1;0;0.802183888558582;1;0.790061073993783
"207";1;0;0.802183888558582;1;0.790061073993783
"208";1;0;0.802183888558582;0;0.790061073993783
"209";1;0;0.802183888558582;1;0.790061073993783
"210";1;0;0.802183888558582;1;0.790061073993783
"211";1;0;0.802183888558582;1;0.790061073993783
"212";1;0;0.802183888558582;1;0.790061073993783
"213";1;0;0.802183888558582;0;0.790061073993783
"214";1;0;0.802183888558582;1;0.790061073993783
"215";1;0;0.802183888558582;1;0.790061073993783
"216";1;0;0.802183888558582;1;0.790061073993783
"217";1;0;0.802183888558582;1;0.790061073993783
"218";1;0;0.802183888558582;1;0.790061073993783
"219";1;0;0.802183888558582;0;0.790061073993783
"220";1;0;0.802183888558582;0;0.790061073993783
"221";1;0;0.802183888558582;1;0.790061073993783
"222";1;0;0.802183888558582;1;0.790061073993783
"223";1;0;0.802183888558582;1;0.790061073993783
"224";1;0;0.802183888558582;1;0.790061073993783
"225";1;0;0.802183888558582;1;0.790061073993783
"226";1;0;0.802183888558582;1;0.790061073993783
"227";1;0;0.802183888558582;1;0.790061073993783
"228";1;0;0.802183888558582;1;0.790061073993783
"229";1;0;0.802183888558582;1;0.790061073993783
"230";1;0;0.802183888558582;1;0.790061073993783
"231";1;0;0.802183888558582;1;0.790061073993783
"232";1;0;0.802183888558582;0;0.790061073993783
"233";1;0;0.802183888558582;0;0.790061073993783
"234";1;0;0.802183888558582;1;0.790061073993783
"235";1;0;0.802183888558582;0;0.790061073993783
"236";1;0;0.802183888558582;1;0.790061073993783
"237";1;0;0.802183888558582;1;0.790061073993783
"238";1;0;0.802183888558582;0;0.790061073993783
"239";1;0;0.802183888558582;1;0.790061073993783
"240";1;0;0.802183888558582;1;0.790061073993783
"241";1;0;0.802183888558582;0;0.790061073993783
"242";1;0;0.802183888558582;1;0.790061073993783
"243";1;0;0.802183888558582;1;0.790061073993783
"244";1;0;0.802183888558582;0;0.790061073993783
"245";1;0;0.802183888558582;0;0.790061073993783
"246";1;0;0.802183888558582;1;0.790061073993783
"247";1;0;0.802183888558582;1;0.790061073993783
"248";1;0;0.802183888558582;1;0.790061073993783
"249";1;0;0.802183888558582;1;0.790061073993783
"250";1;0;0.802183888558582;0;0.790061073993783
"251";1;0;0.802183888558582;0;0.790061073993783
"252";1;0;0.802183888558582;1;0.790061073993783
"253";1;0;0.802183888558582;1;0.790061073993783
"254";1;0;0.802183888558582;0;0.790061073993783
"255";1;0;0.802183888558582;0;0.790061073993783
"256";1;0;0.802183888558582;1;0.790061073993783
"257";1;0;0.802183888558582;1;0.790061073993783
"258";1;0;0.802183888558582;1;0.790061073993783
"259";1;0;0.802183888558582;0;0.790061073993783
"260";1;0;0.802183888558582;1;0.790061073993783
"261";1;0;0.802183888558582;1;0.790061073993783
"262";1;0;0.802183888558582;1;0.790061073993783
"263";1;0;0.802183888558582;1;0.790061073993783
"264";1;0;0.802183888558582;0;0.790061073993783
"265";1;0;0.802183888558582;1;0.790061073993783
"266";1;0;0.802183888558582;1;0.790061073993783
"267";1;0;0.802183888558582;1;0.790061073993783
"268";1;0;0.802183888558582;0;0.790061073993783
"269";1;0;0.802183888558582;1;0.790061073993783
"270";1;0;0.802183888558582;1;0.790061073993783
"271";1;0;0.802183888558582;1;0.790061073993783
"272";1;0;0.802183888558582;1;0.790061073993783
"273";1;0;0.802183888558582;0;0.790061073993783
"274";1;0;0.802183888558582;1;0.790061073993783
"275";1;0;0.802183888558582;1;0.790061073993783
"276";1;0;0.802183888558582;1;0.790061073993783
"277";1;0;0.802183888558582;0;0.790061073993783
"278";1;0;0.802183888558582;1;0.790061073993783
"279";1;0;0.802183888558582;1;0.790061073993783
"280";1;0;0.802183888558582;1;0.790061073993783
"281";1;0;0.802183888558582;1;0.790061073993783
"282";1;0;0.802183888558582;1;0.790061073993783
"283";1;0;0.802183888558582;1;0.790061073993783
"284";1;0;0.802183888558582;1;0.790061073993783
"285";1;0;0.802183888558582;1;0.790061073993783
"286";1;0;0.802183888558582;0;0.790061073993783
"287";1;0;0.802183888558582;1;0.790061073993783
"288";1;0;0.802183888558582;1;0.790061073993783
"289";1;0;0.802183888558582;1;0.790061073993783
"290";1;0;0.802183888558582;1;0.790061073993783
"291";1;0;0.802183888558582;1;0.790061073993783
"292";1;0;0.802183888558582;1;0.790061073993783
"293";1;0;0.802183888558582;1;0.790061073993783
"294";1;0;0.802183888558582;1;0.790061073993783
"295";1;0;0.802183888558582;1;0.790061073993783
"296";1;0;0.802183888558582;1;0.790061073993783
"297";1;0;0.802183888558582;1;0.790061073993783
"298";1;0;0.802183888558582;1;0.790061073993783
"299";1;0;0.802183888558582;1;0.790061073993783
"300";1;0;0.802183888558582;0;0.790061073993783
"301";1;0;0.802183888558582;1;0.790061073993783
"302";1;0;0.802183888558582;1;0.790061073993783
"303";1;0;0.802183888558582;0;0.790061073993783
"304";1;0;0.802183888558582;1;0.790061073993783
"305";1;0;0.802183888558582;1;0.790061073993783
"306";1;0;0.802183888558582;0;0.790061073993783
"307";1;0;0.802183888558582;1;0.790061073993783
"308";1;0;0.802183888558582;0;0.790061073993783
"309";1;0;0.802183888558582;1;0.790061073993783
"310";1;0;0.802183888558582;1;0.790061073993783
"311";1;0;0.802183888558582;1;0.790061073993783
"312";1;0;0.802183888558582;1;0.790061073993783
"313";1;0;0.802183888558582;1;0.790061073993783
"314";1;0;0.802183888558582;0;0.790061073993783
"315";1;0;0.802183888558582;1;0.790061073993783
"316";1;0;0.802183888558582;1;0.790061073993783
"317";1;0;0.802183888558582;1;0.790061073993783
"318";1;0;0.802183888558582;1;0.790061073993783
"319";1;0;0.802183888558582;1;0.790061073993783
"320";1;0;0.802183888558582;1;0.790061073993783
"321";1;0;0.802183888558582;1;0.790061073993783
"322";1;0;0.802183888558582;1;0.790061073993783
"323";1;0;0.802183888558582;1;0.790061073993783
"324";1;0;0.802183888558582;0;0.790061073993783
"325";1;0;0.802183888558582;1;0.790061073993783
"326";1;0;0.802183888558582;1;0.790061073993783
"327";1;0;0.802183888558582;1;0.790061073993783
"328";1;0;0.802183888558582;1;0.790061073993783
"329";1;0;0.802183888558582;1;0.790061073993783
"330";1;0;0.802183888558582;1;0.790061073993783
"331";1;0;0.802183888558582;1;0.790061073993783
"332";1;0;0.802183888558582;0;0.790061073993783
"333";1;0;0.802183888558582;1;0.790061073993783
"334";1;0;0.802183888558582;1;0.790061073993783
"335";1;0;0.802183888558582;1;0.790061073993783
"336";1;0;0.802183888558582;0;0.790061073993783
"337";1;0;0.802183888558582;1;0.790061073993783
"338";1;0;0.802183888558582;1;0.790061073993783
"339";1;0;0.802183888558582;0;0.790061073993783
"340";1;0;0.802183888558582;0;0.790061073993783
"341";1;0;0.802183888558582;1;0.790061073993783
"342";1;0;0.802183888558582;1;0.790061073993783
"343";1;0;0.802183888558582;1;0.790061073993783
"344";1;0;0.802183888558582;1;0.790061073993783
"345";1;0;0.802183888558582;0;0.790061073993783
"346";1;0;0.802183888558582;1;0.790061073993783
"347";1;0;0.802183888558582;1;0.790061073993783
"348";1;0;0.802183888558582;1;0.790061073993783
"349";1;0;0.802183888558582;1;0.790061073993783
"350";1;0;0.802183888558582;1;0.790061073993783
"351";1;0;0.802183888558582;1;0.790061073993783
"352";1;0;0.802183888558582;1;0.790061073993783
"353";1;0;0.802183888558582;1;0.790061073993783
"354";1;0;0.802183888558582;0;0.790061073993783
"355";1;0;0.802183888558582;1;0.790061073993783
"356";1;0;0.802183888558582;1;0.790061073993783
"357";1;0;0.802183888558582;1;0.790061073993783
"358";1;0;0.802183888558582;1;0.790061073993783
"359";1;0;0.802183888558582;0;0.790061073993783
"360";1;0;0.802183888558582;1;0.790061073993783
"361";1;0;0.802183888558582;1;0.790061073993783
"362";1;0;0.802183888558582;1;0.790061073993783
"363";1;0;0.802183888558582;1;0.790061073993783
"364";1;0;0.802183888558582;1;0.790061073993783
"365";1;0;0.802183888558582;1;0.790061073993783
"366";1;0;0.802183888558582;1;0.790061073993783
"367";1;0;0.802183888558582;1;0.790061073993783
"368";1;0;0.802183888558582;1;0.790061073993783
"369";1;0;0.802183888558582;1;0.790061073993783
"370";1;0;0.802183888558582;1;0.790061073993783
"371";1;0;0.802183888558582;1;0.790061073993783
"372";1;0;0.802183888558582;1;0.790061073993783
"373";1;0;0.802183888558582;1;0.790061073993783
"374";1;0;0.802183888558582;1;0.790061073993783
"375";1;0;0.802183888558582;1;0.790061073993783
"376";1;0;0.802183888558582;1;0.790061073993783
"377";1;0;0.802183888558582;1;0.790061073993783
"378";1;0;0.802183888558582;1;0.790061073993783
"379";1;0;0.802183888558582;1;0.790061073993783
"380";1;0;0.802183888558582;1;0.790061073993783
"381";1;0;0.802183888558582;1;0.790061073993783
"382";1;0;0.802183888558582;1;0.790061073993783
"383";1;0;0.802183888558582;1;0.790061073993783
"384";1;0;0.802183888558582;1;0.790061073993783
"385";1;0;0.802183888558582;1;0.790061073993783
"386";1;0;0.802183888558582;1;0.790061073993783
"387";1;0;0.802183888558582;1;0.790061073993783
"388";1;0;0.802183888558582;1;0.790061073993783
"389";1;0;0.802183888558582;1;0.790061073993783
"390";1;0;0.802183888558582;1;0.790061073993783
"391";1;0;0.802183888558582;0;0.790061073993783
"392";1;0;0.802183888558582;1;0.790061073993783
"393";1;0;0.802183888558582;1;0.790061073993783
"394";1;0;0.802183888558582;1;0.790061073993783
"395";1;0;0.802183888558582;1;0.790061073993783
"396";1;0;0.802183888558582;1;0.790061073993783
"397";1;0;0.802183888558582;1;0.790061073993783
"398";1;0;0.802183888558582;1;0.790061073993783
"399";1;0;0.802183888558582;1;0.790061073993783
"400";1;0;0.802183888558582;1;0.790061073993783
"401";0;1;0.900249510880315;1;0.910091610985789
"402";0;1;0.900249510880315;1;0.910091610985789
"403";0;1;0.900249510880315;1;0.910091610985789
"404";0;1;0.900249510880315;1;0.910091610985789
"405";0;1;0.900249510880315;1;0.910091610985789
"406";0;1;0.900249510880315;1;0.910091610985789
"407";0;1;0.900249510880315;1;0.910091610985789
"408";0;1;0.900249510880315;1;0.910091610985789
"409";0;1;0.900249510880315;1;0.910091610985789
"410";0;1;0.900249510880315;1;0.910091610985789
"411";0;1;0.900249510880315;1;0.910091610985789
"412";0;1;0.900249510880315;1;0.910091610985789
"413";0;1;0.900249510880315;1;0.910091610985789
"414";0;1;0.900249510880315;1;0.910091610985789
"415";0;1;0.900249510880315;1;0.910091610985789
"416";0;1;0.900249510880315;0;0.910091610985789
"417";0;1;0.900249510880315;1;0.910091610985789
"418";0;1;0.900249510880315;1;0.910091610985789
"419";0;1;0.900249510880315;1;0.910091610985789
"420";0;1;0.900249510880315;1;0.910091610985789
"421";0;1;0.900249510880315;1;0.910091610985789
"422";0;1;0.900249510880315;1;0.910091610985789
"423";0;1;0.900249510880315;1;0.910091610985789
"424";0;1;0.900249510880315;1;0.910091610985789
"425";0;1;0.900249510880315;1;0.910091610985789
"426";0;1;0.900249510880315;1;0.910091610985789
"427";0;1;0.900249510880315;1;0.910091610985789
"428";0;1;0.900249510880315;1;0.910091610985789
"429";0;1;0.900249510880315;1;0.910091610985789
"430";0;1;0.900249510880315;1;0.910091610985789
"431";0;1;0.900249510880315;1;0.910091610985789
"432";0;1;0.900249510880315;1;0.910091610985789
"433";0;1;0.900249510880315;1;0.910091610985789
"434";0;1;0.900249510880315;1;0.910091610985789
"435";0;1;0.900249510880315;1;0.910091610985789
"436";0;1;0.900249510880315;1;0.910091610985789
"437";0;1;0.900249510880315;1;0.910091610985789
"438";0;1;0.900249510880315;1;0.910091610985789
"439";0;1;0.900249510880315;1;0.910091610985789
"440";0;1;0.900249510880315;0;0.910091610985789
"441";0;1;0.900249510880315;1;0.910091610985789
"442";0;1;0.900249510880315;1;0.910091610985789
"443";0;1;0.900249510880315;1;0.910091610985789
"444";0;1;0.900249510880315;1;0.910091610985789
"445";0;1;0.900249510880315;0;0.910091610985789
"446";0;1;0.900249510880315;1;0.910091610985789
"447";0;1;0.900249510880315;1;0.910091610985789
"448";0;1;0.900249510880315;1;0.910091610985789
"449";0;1;0.900249510880315;1;0.910091610985789
"450";0;1;0.900249510880315;1;0.910091610985789
"451";0;1;0.900249510880315;1;0.910091610985789
"452";0;1;0.900249510880315;1;0.910091610985789
"453";0;1;0.900249510880315;1;0.910091610985789
"454";0;1;0.900249510880315;1;0.910091610985789
"455";0;1;0.900249510880315;1;0.910091610985789
"456";0;1;0.900249510880315;0;0.910091610985789
"457";0;1;0.900249510880315;1;0.910091610985789
"458";0;1;0.900249510880315;1;0.910091610985789
"459";0;1;0.900249510880315;0;0.910091610985789
"460";0;1;0.900249510880315;1;0.910091610985789
"461";0;1;0.900249510880315;1;0.910091610985789
"462";0;1;0.900249510880315;1;0.910091610985789
"463";0;1;0.900249510880315;1;0.910091610985789
"464";0;1;0.900249510880315;1;0.910091610985789
"465";0;1;0.900249510880315;1;0.910091610985789
"466";0;1;0.900249510880315;1;0.910091610985789
"467";0;1;0.900249510880315;1;0.910091610985789
"468";0;1;0.900249510880315;1;0.910091610985789
"469";0;1;0.900249510880315;1;0.910091610985789
"470";0;1;0.900249510880315;1;0.910091610985789
"471";0;1;0.900249510880315;1;0.910091610985789
"472";0;1;0.900249510880315;1;0.910091610985789
"473";0;1;0.900249510880315;1;0.910091610985789
"474";0;1;0.900249510880315;1;0.910091610985789
"475";0;1;0.900249510880315;1;0.910091610985789
"476";0;1;0.900249510880315;1;0.910091610985789
"477";0;1;0.900249510880315;1;0.910091610985789
"478";0;1;0.900249510880315;1;0.910091610985789
"479";0;1;0.900249510880315;1;0.910091610985789
"480";0;1;0.900249510880315;1;0.910091610985789
"481";0;1;0.900249510880315;1;0.910091610985789
"482";0;1;0.900249510880315;1;0.910091610985789
"483";0;1;0.900249510880315;1;0.910091610985789
"484";0;1;0.900249510880315;1;0.910091610985789
"485";0;1;0.900249510880315;1;0.910091610985789
"486";0;1;0.900249510880315;0;0.910091610985789
"487";0;1;0.900249510880315;1;0.910091610985789
"488";0;1;0.900249510880315;0;0.910091610985789
"489";0;1;0.900249510880315;1;0.910091610985789
"490";0;1;0.900249510880315;1;0.910091610985789
"491";0;1;0.900249510880315;1;0.910091610985789
"492";0;1;0.900249510880315;1;0.910091610985789
"493";0;1;0.900249510880315;1;0.910091610985789
"494";0;1;0.900249510880315;1;0.910091610985789
"495";0;1;0.900249510880315;1;0.910091610985789
"496";0;1;0.900249510880315;1;0.910091610985789
"497";0;1;0.900249510880315;0;0.910091610985789
"498";0;1;0.900249510880315;1;0.910091610985789
"499";0;1;0.900249510880315;1;0.910091610985789
"500";0;1;0.900249510880315;1;0.910091610985789
"501";0;1;0.900249510880315;1;0.910091610985789
"502";0;1;0.900249510880315;1;0.910091610985789
"503";0;1;0.900249510880315;1;0.910091610985789
"504";0;1;0.900249510880315;0;0.910091610985789
"505";0;1;0.900249510880315;1;0.910091610985789
"506";0;1;0.900249510880315;1;0.910091610985789
"507";0;1;0.900249510880315;1;0.910091610985789
"508";0;1;0.900249510880315;1;0.910091610985789
"509";0;1;0.900249510880315;1;0.910091610985789
"510";0;1;0.900249510880315;1;0.910091610985789
"511";0;1;0.900249510880315;1;0.910091610985789
"512";0;1;0.900249510880315;1;0.910091610985789
"513";0;1;0.900249510880315;1;0.910091610985789
"514";0;1;0.900249510880315;1;0.910091610985789
"515";0;1;0.900249510880315;1;0.910091610985789
"516";0;1;0.900249510880315;1;0.910091610985789
"517";0;1;0.900249510880315;1;0.910091610985789
"518";0;1;0.900249510880315;1;0.910091610985789
"519";0;1;0.900249510880315;1;0.910091610985789
"520";0;1;0.900249510880315;0;0.910091610985789
"521";0;1;0.900249510880315;1;0.910091610985789
"522";0;1;0.900249510880315;1;0.910091610985789
"523";0;1;0.900249510880315;1;0.910091610985789
"524";0;1;0.900249510880315;1;0.910091610985789
"525";0;1;0.900249510880315;0;0.910091610985789
"526";0;1;0.900249510880315;1;0.910091610985789
"527";0;1;0.900249510880315;1;0.910091610985789
"528";0;1;0.900249510880315;1;0.910091610985789
"529";0;1;0.900249510880315;1;0.910091610985789
"530";0;1;0.900249510880315;1;0.910091610985789
"531";0;1;0.900249510880315;1;0.910091610985789
"532";0;1;0.900249510880315;1;0.910091610985789
"533";0;1;0.900249510880315;1;0.910091610985789
"534";0;1;0.900249510880315;1;0.910091610985789
"535";0;1;0.900249510880315;0;0.910091610985789
"536";0;1;0.900249510880315;1;0.910091610985789
"537";0;1;0.900249510880315;1;0.910091610985789
"538";0;1;0.900249510880315;1;0.910091610985789
"539";0;1;0.900249510880315;1;0.910091610985789
"540";0;1;0.900249510880315;1;0.910091610985789
"541";0;1;0.900249510880315;1;0.910091610985789
"542";0;1;0.900249510880315;1;0.910091610985789
"543";0;1;0.900249510880315;1;0.910091610985789
"544";0;1;0.900249510880315;1;0.910091610985789
"545";0;1;0.900249510880315;1;0.910091610985789
"546";0;1;0.900249510880315;1;0.910091610985789
"547";0;1;0.900249510880315;1;0.910091610985789
"548";0;1;0.900249510880315;1;0.910091610985789
"549";0;1;0.900249510880315;1;0.910091610985789
"550";0;1;0.900249510880315;1;0.910091610985789
"551";0;1;0.900249510880315;0;0.910091610985789
"552";0;1;0.900249510880315;1;0.910091610985789
"553";0;1;0.900249510880315;1;0.910091610985789
"554";0;1;0.900249510880315;1;0.910091610985789
"555";0;1;0.900249510880315;1;0.910091610985789
"556";0;1;0.900249510880315;1;0.910091610985789
"557";0;1;0.900249510880315;1;0.910091610985789
"558";0;1;0.900249510880315;1;0.910091610985789
"559";0;1;0.900249510880315;1;0.910091610985789
"560";0;1;0.900249510880315;1;0.910091610985789
"561";0;1;0.900249510880315;1;0.910091610985789
"562";0;1;0.900249510880315;1;0.910091610985789
"563";0;1;0.900249510880315;1;0.910091610985789
"564";0;1;0.900249510880315;1;0.910091610985789
"565";0;1;0.900249510880315;1;0.910091610985789
"566";0;1;0.900249510880315;1;0.910091610985789
"567";0;1;0.900249510880315;1;0.910091610985789
"568";0;1;0.900249510880315;1;0.910091610985789
"569";0;1;0.900249510880315;1;0.910091610985789
"570";0;1;0.900249510880315;1;0.910091610985789
"571";0;1;0.900249510880315;1;0.910091610985789
"572";0;1;0.900249510880315;1;0.910091610985789
"573";0;1;0.900249510880315;1;0.910091610985789
"574";0;1;0.900249510880315;1;0.910091610985789
"575";0;1;0.900249510880315;1;0.910091610985789
"576";0;1;0.900249510880315;0;0.910091610985789
"577";0;1;0.900249510880315;1;0.910091610985789
"578";0;1;0.900249510880315;1;0.910091610985789
"579";0;1;0.900249510880315;1;0.910091610985789
"580";0;1;0.900249510880315;0;0.910091610985789
"581";0;1;0.900249510880315;1;0.910091610985789
"582";0;1;0.900249510880315;1;0.910091610985789
"583";0;1;0.900249510880315;1;0.910091610985789
"584";0;1;0.900249510880315;1;0.910091610985789
"585";0;1;0.900249510880315;1;0.910091610985789
"586";0;1;0.900249510880315;1;0.910091610985789
"587";0;1;0.900249510880315;1;0.910091610985789
"588";0;1;0.900249510880315;1;0.910091610985789
"589";0;1;0.900249510880315;1;0.910091610985789
"590";0;1;0.900249510880315;1;0.910091610985789
"591";0;1;0.900249510880315;1;0.910091610985789
"592";0;1;0.900249510880315;1;0.910091610985789
"593";0;1;0.900249510880315;1;0.910091610985789
"594";0;1;0.900249510880315;0;0.910091610985789
"595";0;1;0.900249510880315;1;0.910091610985789
"596";0;1;0.900249510880315;1;0.910091610985789
"597";0;1;0.900249510880315;1;0.910091610985789
"598";0;1;0.900249510880315;1;0.910091610985789
"599";0;1;0.900249510880315;1;0.910091610985789
"600";0;1;0.900249510880315;1;0.910091610985789
"601";0;0;0.549833997312478;1;0.542454194504665
"602";0;0;0.549833997312478;0;0.542454194504665
"603";0;0;0.549833997312478;1;0.542454194504665
"604";0;0;0.549833997312478;1;0.542454194504665
"605";0;0;0.549833997312478;0;0.542454194504665
"606";0;0;0.549833997312478;0;0.542454194504665
"607";0;0;0.549833997312478;0;0.542454194504665
"608";0;0;0.549833997312478;1;0.542454194504665
"609";0;0;0.549833997312478;0;0.542454194504665
"610";0;0;0.549833997312478;0;0.542454194504665
"611";0;0;0.549833997312478;1;0.542454194504665
"612";0;0;0.549833997312478;1;0.542454194504665
"613";0;0;0.549833997312478;1;0.542454194504665
"614";0;0;0.549833997312478;0;0.542454194504665
"615";0;0;0.549833997312478;1;0.542454194504665
"616";0;0;0.549833997312478;1;0.542454194504665
"617";0;0;0.549833997312478;1;0.542454194504665
"618";0;0;0.549833997312478;0;0.542454194504665
"619";0;0;0.549833997312478;1;0.542454194504665
"620";0;0;0.549833997312478;0;0.542454194504665
"621";0;0;0.549833997312478;0;0.542454194504665
"622";0;0;0.549833997312478;1;0.542454194504665
"623";0;0;0.549833997312478;0;0.542454194504665
"624";0;0;0.549833997312478;0;0.542454194504665
"625";0;0;0.549833997312478;0;0.542454194504665
"626";0;0;0.549833997312478;1;0.542454194504665
"627";0;0;0.549833997312478;0;0.542454194504665
"628";0;0;0.549833997312478;0;0.542454194504665
"629";0;0;0.549833997312478;0;0.542454194504665
"630";0;0;0.549833997312478;0;0.542454194504665
"631";0;0;0.549833997312478;0;0.542454194504665
"632";0;0;0.549833997312478;0;0.542454194504665
"633";0;0;0.549833997312478;1;0.542454194504665
"634";0;0;0.549833997312478;1;0.542454194504665
"635";0;0;0.549833997312478;1;0.542454194504665
"636";0;0;0.549833997312478;1;0.542454194504665
"637";0;0;0.549833997312478;0;0.542454194504665
"638";0;0;0.549833997312478;1;0.542454194504665
"639";0;0;0.549833997312478;1;0.542454194504665
"640";0;0;0.549833997312478;0;0.542454194504665
"641";0;0;0.549833997312478;1;0.542454194504665
"642";0;0;0.549833997312478;0;0.542454194504665
"643";0;0;0.549833997312478;0;0.542454194504665
"644";0;0;0.549833997312478;1;0.542454194504665
"645";0;0;0.549833997312478;0;0.542454194504665
"646";0;0;0.549833997312478;1;0.542454194504665
"647";0;0;0.549833997312478;0;0.542454194504665
"648";0;0;0.549833997312478;1;0.542454194504665
"649";0;0;0.549833997312478;0;0.542454194504665
"650";0;0;0.549833997312478;1;0.542454194504665
"651";0;0;0.549833997312478;1;0.542454194504665
"652";0;0;0.549833997312478;1;0.542454194504665
"653";0;0;0.549833997312478;0;0.542454194504665
"654";0;0;0.549833997312478;0;0.542454194504665
"655";0;0;0.549833997312478;1;0.542454194504665
"656";0;0;0.549833997312478;0;0.542454194504665
"657";0;0;0.549833997312478;1;0.542454194504665
"658";0;0;0.549833997312478;0;0.542454194504665
"659";0;0;0.549833997312478;0;0.542454194504665
"660";0;0;0.549833997312478;0;0.542454194504665
"661";0;0;0.549833997312478;1;0.542454194504665
"662";0;0;0.549833997312478;0;0.542454194504665
"663";0;0;0.549833997312478;0;0.542454194504665
"664";0;0;0.549833997312478;0;0.542454194504665
"665";0;0;0.549833997312478;1;0.542454194504665
"666";0;0;0.549833997312478;1;0.542454194504665
"667";0;0;0.549833997312478;1;0.542454194504665
"668";0;0;0.549833997312478;1;0.542454194504665
"669";0;0;0.549833997312478;0;0.542454194504665
"670";0;0;0.549833997312478;0;0.542454194504665
"671";0;0;0.549833997312478;1;0.542454194504665
"672";0;0;0.549833997312478;0;0.542454194504665
"673";0;0;0.549833997312478;1;0.542454194504665
"674";0;0;0.549833997312478;0;0.542454194504665
"675";0;0;0.549833997312478;0;0.542454194504665
"676";0;0;0.549833997312478;1;0.542454194504665
"677";0;0;0.549833997312478;1;0.542454194504665
"678";0;0;0.549833997312478;0;0.542454194504665
"679";0;0;0.549833997312478;0;0.542454194504665
"680";0;0;0.549833997312478;0;0.542454194504665
"681";0;0;0.549833997312478;1;0.542454194504665
"682";0;0;0.549833997312478;1;0.542454194504665
"683";0;0;0.549833997312478;1;0.542454194504665
"684";0;0;0.549833997312478;0;0.542454194504665
"685";0;0;0.549833997312478;1;0.542454194504665
"686";0;0;0.549833997312478;1;0.542454194504665
"687";0;0;0.549833997312478;1;0.542454194504665
"688";0;0;0.549833997312478;1;0.542454194504665
"689";0;0;0.549833997312478;1;0.542454194504665
"690";0;0;0.549833997312478;1;0.542454194504665
"691";0;0;0.549833997312478;1;0.542454194504665
"692";0;0;0.549833997312478;1;0.542454194504665
"693";0;0;0.549833997312478;1;0.542454194504665
"694";0;0;0.549833997312478;1;0.542454194504665
"695";0;0;0.549833997312478;1;0.542454194504665
"696";0;0;0.549833997312478;1;0.542454194504665
"697";0;0;0.549833997312478;0;0.542454194504665
"698";0;0;0.549833997312478;1;0.542454194504665
"699";0;0;0.549833997312478;1;0.542454194504665
"700";0;0;0.549833997312478;0;0.542454194504665
"701";0;0;0.549833997312478;1;0.542454194504665
"702";0;0;0.549833997312478;1;0.542454194504665
"703";0;0;0.549833997312478;0;0.542454194504665
"704";0;0;0.549833997312478;1;0.542454194504665
"705";0;0;0.549833997312478;0;0.542454194504665
"706";0;0;0.549833997312478;1;0.542454194504665
"707";0;0;0.549833997312478;1;0.542454194504665
"708";0;0;0.549833997312478;0;0.542454194504665
"709";0;0;0.549833997312478;0;0.542454194504665
"710";0;0;0.549833997312478;0;0.542454194504665
"711";0;0;0.549833997312478;1;0.542454194504665
"712";0;0;0.549833997312478;0;0.542454194504665
"713";0;0;0.549833997312478;0;0.542454194504665
"714";0;0;0.549833997312478;1;0.542454194504665
"715";0;0;0.549833997312478;1;0.542454194504665
"716";0;0;0.549833997312478;1;0.542454194504665
"717";0;0;0.549833997312478;0;0.542454194504665
"718";0;0;0.549833997312478;0;0.542454194504665
"719";0;0;0.549833997312478;0;0.542454194504665
"720";0;0;0.549833997312478;1;0.542454194504665
"721";0;0;0.549833997312478;0;0.542454194504665
"722";0;0;0.549833997312478;0;0.542454194504665
"723";0;0;0.549833997312478;0;0.542454194504665
"724";0;0;0.549833997312478;0;0.542454194504665
"725";0;0;0.549833997312478;0;0.542454194504665
"726";0;0;0.549833997312478;1;0.542454194504665
"727";0;0;0.549833997312478;0;0.542454194504665
"728";0;0;0.549833997312478;0;0.542454194504665
"729";0;0;0.549833997312478;1;0.542454194504665
"730";0;0;0.549833997312478;1;0.542454194504665
"731";0;0;0.549833997312478;1;0.542454194504665
"732";0;0;0.549833997312478;1;0.542454194504665
"733";0;0;0.549833997312478;1;0.542454194504665
"734";0;0;0.549833997312478;1;0.542454194504665
"735";0;0;0.549833997312478;1;0.542454194504665
"736";0;0;0.549833997312478;1;0.542454194504665
"737";0;0;0.549833997312478;1;0.542454194504665
"738";0;0;0.549833997312478;1;0.542454194504665
"739";0;0;0.549833997312478;1;0.542454194504665
"740";0;0;0.549833997312478;0;0.542454194504665
"741";0;0;0.549833997312478;1;0.542454194504665
"742";0;0;0.549833997312478;1;0.542454194504665
"743";0;0;0.549833997312478;1;0.542454194504665
"744";0;0;0.549833997312478;1;0.542454194504665
"745";0;0;0.549833997312478;0;0.542454194504665
"746";0;0;0.549833997312478;1;0.542454194504665
"747";0;0;0.549833997312478;1;0.542454194504665
"748";0;0;0.549833997312478;0;0.542454194504665
"749";0;0;0.549833997312478;1;0.542454194504665
"750";0;0;0.549833997312478;1;0.542454194504665
"751";0;0;0.549833997312478;1;0.542454194504665
"752";0;0;0.549833997312478;0;0.542454194504665
"753";0;0;0.549833997312478;0;0.542454194504665
"754";0;0;0.549833997312478;1;0.542454194504665
"755";0;0;0.549833997312478;0;0.542454194504665
"756";0;0;0.549833997312478;0;0.542454194504665
"757";0;0;0.549833997312478;0;0.542454194504665
"758";0;0;0.549833997312478;1;0.542454194504665
"759";0;0;0.549833997312478;0;0.542454194504665
"760";0;0;0.549833997312478;1;0.542454194504665
"761";0;0;0.549833997312478;1;0.542454194504665
"762";0;0;0.549833997312478;0;0.542454194504665
"763";0;0;0.549833997312478;0;0.542454194504665
"764";0;0;0.549833997312478;1;0.542454194504665
"765";0;0;0.549833997312478;0;0.542454194504665
"766";0;0;0.549833997312478;0;0.542454194504665
"767";0;0;0.549833997312478;1;0.542454194504665
"768";0;0;0.549833997312478;0;0.542454194504665
"769";0;0;0.549833997312478;0;0.542454194504665
"770";0;0;0.549833997312478;0;0.542454194504665
"771";0;0;0.549833997312478;0;0.542454194504665
"772";0;0;0.549833997312478;1;0.542454194504665
"773";0;0;0.549833997312478;1;0.542454194504665
"774";0;0;0.549833997312478;1;0.542454194504665
"775";0;0;0.549833997312478;0;0.542454194504665
"776";0;0;0.549833997312478;0;0.542454194504665
"777";0;0;0.549833997312478;0;0.542454194504665
"778";0;0;0.549833997312478;1;0.542454194504665
"779";0;0;0.549833997312478;1;0.542454194504665
"780";0;0;0.549833997312478;1;0.542454194504665
"781";0;0;0.549833997312478;1;0.542454194504665
"782";0;0;0.549833997312478;0;0.542454194504665
"783";0;0;0.549833997312478;1;0.542454194504665
"784";0;0;0.549833997312478;1;0.542454194504665
"785";0;0;0.549833997312478;1;0.542454194504665
"786";0;0;0.549833997312478;0;0.542454194504665
"787";0;0;0.549833997312478;1;0.542454194504665
"788";0;0;0.549833997312478;1;0.542454194504665
"789";0;0;0.549833997312478;0;0.542454194504665
"790";0;0;0.549833997312478;0;0.542454194504665
"791";0;0;0.549833997312478;0;0.542454194504665
"792";0;0;0.549833997312478;1;0.542454194504665
"793";0;0;0.549833997312478;0;0.542454194504665
"794";0;0;0.549833997312478;0;0.542454194504665
"795";0;0;0.549833997312478;0;0.542454194504665
"796";0;0;0.549833997312478;0;0.542454194504665
"797";0;0;0.549833997312478;1;0.542454194504665
"798";0;0;0.549833997312478;1;0.542454194504665
"799";0;0;0.549833997312478;1;0.542454194504665
"800";0;0;0.549833997312478;1;0.542454194504665
"801";0;0;0.549833997312478;0;0.542454194504665
"802";0;0;0.549833997312478;1;0.542454194504665
"803";0;0;0.549833997312478;0;0.542454194504665
"804";0;0;0.549833997312478;1;0.542454194504665
"805";0;0;0.549833997312478;1;0.542454194504665
"806";0;0;0.549833997312478;0;0.542454194504665
"807";0;0;0.549833997312478;1;0.542454194504665
"808";0;0;0.549833997312478;0;0.542454194504665
"809";0;0;0.549833997312478;0;0.542454194504665
"810";0;0;0.549833997312478;1;0.542454194504665
"811";0;0;0.549833997312478;1;0.542454194504665
"812";0;0;0.549833997312478;0;0.542454194504665
"813";0;0;0.549833997312478;1;0.542454194504665
"814";0;0;0.549833997312478;1;0.542454194504665
"815";0;0;0.549833997312478;0;0.542454194504665
"816";0;0;0.549833997312478;0;0.542454194504665
"817";0;0;0.549833997312478;0;0.542454194504665
"818";0;0;0.549833997312478;0;0.542454194504665
"819";0;0;0.549833997312478;0;0.542454194504665
"820";0;0;0.549833997312478;0;0.542454194504665
"821";0;0;0.549833997312478;1;0.542454194504665
"822";0;0;0.549833997312478;0;0.542454194504665
"823";0;0;0.549833997312478;0;0.542454194504665
"824";0;0;0.549833997312478;0;0.542454194504665
"825";0;0;0.549833997312478;0;0.542454194504665
"826";0;0;0.549833997312478;1;0.542454194504665
"827";0;0;0.549833997312478;0;0.542454194504665
"828";0;0;0.549833997312478;0;0.542454194504665
"829";0;0;0.549833997312478;1;0.542454194504665
"830";0;0;0.549833997312478;1;0.542454194504665
"831";0;0;0.549833997312478;1;0.542454194504665
"832";0;0;0.549833997312478;0;0.542454194504665
"833";0;0;0.549833997312478;0;0.542454194504665
"834";0;0;0.549833997312478;1;0.542454194504665
"835";0;0;0.549833997312478;0;0.542454194504665
"836";0;0;0.549833997312478;0;0.542454194504665
"837";0;0;0.549833997312478;1;0.542454194504665
"838";0;0;0.549833997312478;1;0.542454194504665
"839";0;0;0.549833997312478;0;0.542454194504665
"840";0;0;0.549833997312478;0;0.542454194504665
"841";0;0;0.549833997312478;0;0.542454194504665
"842";0;0;0.549833997312478;1;0.542454194504665
"843";0;0;0.549833997312478;0;0.542454194504665
"844";0;0;0.549833997312478;1;0.542454194504665
"845";0;0;0.549833997312478;0;0.542454194504665
"846";0;0;0.549833997312478;1;0.542454194504665
"847";0;0;0.549833997312478;0;0.542454194504665
"848";0;0;0.549833997312478;0;0.542454194504665
"849";0;0;0.549833997312478;1;0.542454194504665
"850";0;0;0.549833997312478;1;0.542454194504665
"851";0;0;0.549833997312478;1;0.542454194504665
"852";0;0;0.549833997312478;1;0.542454194504665
"853";0;0;0.549833997312478;0;0.542454194504665
"854";0;0;0.549833997312478;1;0.542454194504665
"855";0;0;0.549833997312478;0;0.542454194504665
"856";0;0;0.549833997312478;1;0.542454194504665
"857";0;0;0.549833997312478;1;0.542454194504665
"858";0;0;0.549833997312478;1;0.542454194504665
"859";0;0;0.549833997312478;1;0.542454194504665
"860";0;0;0.549833997312478;1;0.542454194504665
"861";0;0;0.549833997312478;0;0.542454194504665
"862";0;0;0.549833997312478;1;0.542454194504665
"863";0;0;0.549833997312478;1;0.542454194504665
"864";0;0;0.549833997312478;0;0.542454194504665
"865";0;0;0.549833997312478;1;0.542454194504665
"866";0;0;0.549833997312478;1;0.542454194504665
"867";0;0;0.549833997312478;0;0.542454194504665
"868";0;0;0.549833997312478;1;0.542454194504665
"869";0;0;0.549833997312478;1;0.542454194504665
"870";0;0;0.549833997312478;0;0.542454194504665
"871";0;0;0.549833997312478;0;0.542454194504665
"872";0;0;0.549833997312478;1;0.542454194504665
"873";0;0;0.549833997312478;1;0.542454194504665
"874";0;0;0.549833997312478;1;0.542454194504665
"875";0;0;0.549833997312478;0;0.542454194504665
"876";0;0;0.549833997312478;1;0.542454194504665
"877";0;0;0.549833997312478;1;0.542454194504665
"878";0;0;0.549833997312478;0;0.542454194504665
"879";0;0;0.549833997312478;1;0.542454194504665
"880";0;0;0.549833997312478;1;0.542454194504665
"881";0;0;0.549833997312478;0;0.542454194504665
"882";0;0;0.549833997312478;0;0.542454194504665
"883";0;0;0.549833997312478;0;0.542454194504665
"884";0;0;0.549833997312478;1;0.542454194504665
"885";0;0;0.549833997312478;0;0.542454194504665
"886";0;0;0.549833997312478;1;0.542454194504665
"887";0;0;0.549833997312478;1;0.542454194504665
"888";0;0;0.549833997312478;1;0.542454194504665
"889";0;0;0.549833997312478;1;0.542454194504665
"890";0;0;0.549833997312478;1;0.542454194504665
"891";0;0;0.549833997312478;1;0.542454194504665
"892";0;0;0.549833997312478;0;0.542454194504665
"893";0;0;0.549833997312478;1;0.542454194504665
"894";0;0;0.549833997312478;1;0.542454194504665
"895";0;0;0.549833997312478;0;0.542454194504665
"896";0;0;0.549833997312478;0;0.542454194504665
"897";0;0;0.549833997312478;0;0.542454194504665
"898";0;0;0.549833997312478;0;0.542454194504665
"899";0;0;0.549833997312478;0;0.542454194504665
"900";0;0;0.549833997312478;0;0.542454194504665
"901";0;0;0.549833997312478;1;0.542454194504665
"902";0;0;0.549833997312478;1;0.542454194504665
"903";0;0;0.549833997312478;1;0.542454194504665
"904";0;0;0.549833997312478;1;0.542454194504665
"905";0;0;0.549833997312478;1;0.542454194504665
"906";0;0;0.549833997312478;1;0.542454194504665
"907";0;0;0.549833997312478;0;0.542454194504665
"908";0;0;0.549833997312478;1;0.542454194504665
"909";0;0;0.549833997312478;1;0.542454194504665
"910";0;0;0.549833997312478;0;0.542454194504665
"911";0;0;0.549833997312478;0;0.542454194504665
"912";0;0;0.549833997312478;1;0.542454194504665
"913";0;0;0.549833997312478;1;0.542454194504665
"914";0;0;0.549833997312478;1;0.542454194504665
"915";0;0;0.549833997312478;0;0.542454194504665
"916";0;0;0.549833997312478;0;0.542454194504665
"917";0;0;0.549833997312478;1;0.542454194504665
"918";0;0;0.549833997312478;1;0.542454194504665
"919";0;0;0.549833997312478;1;0.542454194504665
"920";0;0;0.549833997312478;1;0.542454194504665
"921";0;0;0.549833997312478;1;0.542454194504665
"922";0;0;0.549833997312478;1;0.542454194504665
"923";0;0;0.549833997312478;1;0.542454194504665
"924";0;0;0.549833997312478;1;0.542454194504665
"925";0;0;0.549833997312478;1;0.542454194504665
"926";0;0;0.549833997312478;1;0.542454194504665
"927";0;0;0.549833997312478;1;0.542454194504665
"928";0;0;0.549833997312478;1;0.542454194504665
"929";0;0;0.549833997312478;0;0.542454194504665
"930";0;0;0.549833997312478;1;0.542454194504665
"931";0;0;0.549833997312478;1;0.542454194504665
"932";0;0;0.549833997312478;1;0.542454194504665
"933";0;0;0.549833997312478;1;0.542454194504665
"934";0;0;0.549833997312478;1;0.542454194504665
"935";0;0;0.549833997312478;0;0.542454194504665
"936";0;0;0.549833997312478;0;0.542454194504665
"937";0;0;0.549833997312478;1;0.542454194504665
"938";0;0;0.549833997312478;0;0.542454194504665
"939";0;0;0.549833997312478;0;0.542454194504665
"940";0;0;0.549833997312478;0;0.542454194504665
"941";0;0;0.549833997312478;0;0.542454194504665
"942";0;0;0.549833997312478;0;0.542454194504665
"943";0;0;0.549833997312478;0;0.542454194504665
"944";0;0;0.549833997312478;0;0.542454194504665
"945";0;0;0.549833997312478;1;0.542454194504665
"946";0;0;0.549833997312478;1;0.542454194504665
"947";0;0;0.549833997312478;0;0.542454194504665
"948";0;0;0.549833997312478;1;0.542454194504665
"949";0;0;0.549833997312478;1;0.542454194504665
"950";0;0;0.549833997312478;1;0.542454194504665
"951";0;0;0.549833997312478;0;0.542454194504665
"952";0;0;0.549833997312478;0;0.542454194504665
"953";0;0;0.549833997312478;1;0.542454194504665
"954";0;0;0.549833997312478;0;0.542454194504665
"955";0;0;0.549833997312478;0;0.542454194504665
"956";0;0;0.549833997312478;0;0.542454194504665
"957";0;0;0.549833997312478;0;0.542454194504665
"958";0;0;0.549833997312478;0;0.542454194504665
"959";0;0;0.549833997312478;1;0.542454194504665
"960";0;0;0.549833997312478;1;0.542454194504665
"961";0;0;0.549833997312478;0;0.542454194504665
"962";0;0;0.549833997312478;1;0.542454194504665
"963";0;0;0.549833997312478;1;0.542454194504665
"964";0;0;0.549833997312478;1;0.542454194504665
"965";0;0;0.549833997312478;0;0.542454194504665
"966";0;0;0.549833997312478;1;0.542454194504665
"967";0;0;0.549833997312478;0;0.542454194504665
"968";0;0;0.549833997312478;0;0.542454194504665
"969";0;0;0.549833997312478;1;0.542454194504665
"970";0;0;0.549833997312478;0;0.542454194504665
"971";0;0;0.549833997312478;1;0.542454194504665
"972";0;0;0.549833997312478;0;0.542454194504665
"973";0;0;0.549833997312478;0;0.542454194504665
"974";0;0;0.549833997312478;0;0.542454194504665
"975";0;0;0.549833997312478;1;0.542454194504665
"976";0;0;0.549833997312478;0;0.542454194504665
"977";0;0;0.549833997312478;1;0.542454194504665
"978";0;0;0.549833997312478;1;0.542454194504665
"979";0;0;0.549833997312478;1;0.542454194504665
"980";0;0;0.549833997312478;0;0.542454194504665
"981";0;0;0.549833997312478;0;0.542454194504665
"982";0;0;0.549833997312478;1;0.542454194504665
"983";0;0;0.549833997312478;1;0.542454194504665
"984";0;0;0.549833997312478;0;0.542454194504665
"985";0;0;0.549833997312478;1;0.542454194504665
"986";0;0;0.549833997312478;0;0.542454194504665
"987";0;0;0.549833997312478;0;0.542454194504665
"988";0;0;0.549833997312478;0;0.542454194504665
"989";0;0;0.549833997312478;1;0.542454194504665
"990";0;0;0.549833997312478;0;0.542454194504665
"991";0;0;0.549833997312478;0;0.542454194504665
"992";0;0;0.549833997312478;1;0.542454194504665
"993";0;0;0.549833997312478;0;0.542454194504665
"994";0;0;0.549833997312478;0;0.542454194504665
"995";0;0;0.549833997312478;0;0.542454194504665
"996";0;0;0.549833997312478;1;0.542454194504665
"997";0;0;0.549833997312478;1;0.542454194504665
"998";0;0;0.549833997312478;0;0.542454194504665
"999";0;0;0.549833997312478;1;0.542454194504665
"1000";0;0;0.549833997312478;1;0.542454194504665
